param: BUS : bus_num := 
1 1
2 2
3 3
4 4
5 5
6 6
7 7
8 8
9 9
10 10
11 11
12 12
13 13
14 14
15 15
16 16
17 17
18 18
19 19
20 20
21 21
22 22
23 23
24 24
25 25
26 26
27 27
28 28
29 29
30 30
31 31
32 32
33 33
34 34
35 35
36 36
37 37
38 38
39 39
40 40
41 41
42 42
43 43
44 44
45 45
46 46
47 47
48 48
49 49
50 50
51 51
52 52
53 53
54 54
55 55
56 56
57 57
58 58
59 59
60 60
61 61
62 62
63 63
64 64
65 65
66 66
67 67
68 68
69 69
70 70
71 71
72 72
73 73
74 74
75 75
76 76
77 77
78 78
79 79
80 80
81 81
82 82
83 83
84 84
85 85
86 86
87 87
88 88
89 89
90 90
91 91
92 92
93 93
94 94
95 95
96 96
97 97
98 98
99 99
100 100
101 101
102 102
103 103
104 104
105 105
106 106
107 107
108 108
109 109
110 110
111 111
112 112
113 113
114 114
115 115
116 116
117 117
118 118
119 119
120 120
121 121
122 122
123 123
;
param: GEN: gen_num gen_bus gen_cost_P gen_cost_NL gen_cost_SU gen_Pmin gen_Pmax gen_r10 gen_rr := 
1 1 107 12.208 0.0 840.0 729.0 2430.0 1215.0 7290.0
 2 2 100 19.495 417.9 48.3 91.38 304.6 684.0 4104.0
 3 3 100 38.5 254.1 42.699999999999996 70.8 236.0 108.0 648.0
 4 4 100 33.691 383.59999999999997 32.199999999999996 52.92 176.4 448.6 2691.6
 5 5 100 23.953999999999997 221.2 25.9 114.21 380.7 767.6 4605.6
 6 6 100 13.419 960.4 217.0 252.75 842.5 513.4000000000001 3080.4
 7 7 100 31.346 34.3 41.3 53.19 177.3 419.5 2517.0
 8 8 100 23.002 304.5 43.4 114.54 381.8 830.5 4983.0
 10 10 62 16.548 237.99999999999997 42.699999999999996 27.81 92.7 181.0 1086.0
 11 11 62 37.303 1490.3 48.3 203.43 678.1 1773.4 10640.4
 12 12 62 23.198 289.09999999999997 8.399999999999999 78.0 260.0 633.5 3801.0
 13 13 62 26.235999999999997 2175.6 49.0 149.37 497.9 208.70000000000002 1252.2
 14 14 110 16.779 353.5 8.399999999999999 6.6 22.0 35.2 211.2
 15 15 110 30.701999999999998 85.39999999999999 30.799999999999997 15.03 50.1 77.0 462.0
 16 16 110 32.991 225.39999999999998 53.199999999999996 60.96 203.2 539.5 3237.0
 18 18 32 35.532 2161.6 52.5 129.6 432.0 291.1 1746.6
 25 25 100 20.453999999999997 1407.0 26.599999999999998 274.38 914.6 2427.2999999999997 14563.8
 26 26 100 13.251 1303.3999999999999 251.99999999999997 459.0 1530.0 405.7 2434.2
 27 27 100 33.333999999999996 2352.7 40.599999999999994 160.65 535.5 310.5 1863.0
 28 28 100 37.184 190.39999999999998 23.099999999999998 7.71 25.7 26.6 159.60000000000002
 44 44 17 32.312 390.59999999999997 24.5 32.4 108.0 193.4 1160.4
 45 45 61 20.517 158.2 9.799999999999999 16.47 54.9 118.0 708.0
 47 47 61 31.269 9.1 30.799999999999997 18.0 60.0 64.9 389.40000000000003
 48 48 61 16.569 206.5 24.5 13.2 44.0 121.1 726.5999999999999
 49 49 79 19.845 1379.6999999999998 4.8999999999999995 191.7 639.0 1442.0 8652.0
 50 50 79 29.939 1927.1 31.499999999999996 178.5 595.0 722.0999999999999 4332.599999999999
 51 51 91 37.827999999999996 164.5 41.3 72.6 242.0 464.3 2785.8
 54 54 59 36.602999999999994 1271.8999999999999 32.199999999999996 345.84 1152.8 529.0 3174.0
 60 60 71 39.23499999999999 312.9 11.2 60.48 201.6 279.7 1678.1999999999998
 61 61 71 30.232999999999997 116.19999999999999 38.5 60.3 201.0 452.5 2715.0
 62 62 71 29.728999999999996 319.2 17.5 84.96 283.2 591.3000000000001 3547.8
 66 66 112 35.917 217.7 42.699999999999996 7.47 24.9 20.2 121.2
 70 70 57 36.666 18.9 28.7 57.33 191.1 203.1 1218.6
 71 71 57 20.86 2319.1 22.4 258.3 861.0 1479.6000000000001 8877.6
 72 72 57 18.837 581.6999999999999 52.5 135.0 450.0 540.5 3243.0
 73 73 57 26.158999999999995 214.2 46.199999999999996 16.8 56.0 106.8 640.8
 75 75 98 16.597 312.9 24.5 34.2 114.0 197.0 1182.0
 76 76 44 23.625 500.49999999999994 41.3 136.05 453.5 1342.8 8056.8
 85 85 91 23.464000000000002 12.6 53.9 50.4 168.0 229.7 1378.1999999999998
 93 93 111 12.208 0.0 840.0 812.58 2708.6 1354.3000000000002 8125.8
 94 94 91 28.742 153.29999999999998 49.699999999999996 18.93 63.1 67.2 403.2
 98 98 19 16.387 59.49999999999999 38.5 45.0 150.0 71.0 426.0
 100 100 36 39.724999999999994 622.3 4.8999999999999995 185.61 618.7 526.7 3160.2000000000003
 105 105 74 23.127999999999997 34.3 32.9 74.7 249.0 185.5 1113.0
 107 107 120 37.925999999999995 133.7 36.4 45.0 150.0 138.5 831.0
 108 108 94 31.450999999999997 108.5 43.4 50.85 169.5 312.0 1872.0
 112 112 82 35.153999999999996 230.29999999999998 39.199999999999996 75.0 250.0 159.2 955.2
 114 114 30 31.919999999999998 221.89999999999998 54.599999999999994 49.68 165.6 75.5 453.0
 118 118 93 16.744 214.2 49.699999999999996 67.5 225.0 242.8 1456.8000000000002
 121 121 53 25.927999999999997 1295.0 5.6 329.22 1097.4 1192.9 7157.400000000001
 122 122 81 21.217 240.1 14.7 72.99 243.3 678.3 4069.7999999999997
 124 124 98 34.257999999999996 74.89999999999999 4.199999999999999 13.2 44.0 82.0 491.99999999999994
 129 129 48 26.557999999999996 249.89999999999998 35.699999999999996 37.95 126.5 358.1 2148.6000000000004
 130 130 48 17.262 350.7 9.799999999999999 62.7 209.0 604.0999999999999 3624.6
 137 137 85 37.519999999999996 56.0 16.799999999999997 60.0 200.0 396.2 2377.2
 138 138 85 24.703 135.79999999999998 25.2 60.48 201.6 598.3 3589.7999999999997
 144 144 62 36.54 413.0 52.5 15.63 52.1 38.3 229.8
 147 147 75 35.994 371.7 15.399999999999999 54.51 181.7 105.1 630.6
 148 148 83 33.376 292.59999999999997 4.8999999999999995 4.17 13.9 6.4 38.4
 149 149 52 39.872 26.599999999999998 17.5 3.0 10.0 1.9 11.4
 150 150 52 32.739 53.9 35.699999999999996 3.0 10.0 17.8 106.8
 151 151 52 22.4 247.1 4.8999999999999995 12.21 40.7 92.8 556.8
 155 155 79 38.514 354.9 35.0 9.0 30.0 34.4 206.4
 156 156 43 30.232999999999997 1627.5 49.0 198.45 661.5 633.6999999999999 3802.2
 165 165 82 12.977999999999998 1656.8999999999999 249.2 352.62 1175.4 665.6 3993.6000000000004
 166 166 27 22.162 1790.6 14.7 278.25 927.5 2078.2 12469.199999999999
 171 171 76 30.379999999999995 284.2 16.799999999999997 107.28 357.6 539.5 3237.0
 174 174 13 21.945 1089.1999999999998 53.9 125.4 418.0 1133.4 6800.400000000001
 175 175 82 13.888 1420.3 165.89999999999998 255.66 852.2 420.3 2521.8
 176 176 82 22.882999999999996 1514.8 51.099999999999994 555.24 1850.8 2544.9 15269.400000000001
 177 177 98 13.201999999999998 2054.5 101.5 332.49 1108.3 155.8 934.8
 178 178 81 30.695 559.3 55.3 240.96 803.2 2296.5 13779.0
 179 179 1 27.041 70.69999999999999 43.4 32.97 109.9 64.5 387.0
 180 180 54 34.3 2127.2999999999997 23.099999999999998 281.88 939.6 2147.0 12882.0
 181 181 98 13.748 1031.1 194.6 594.0 1980.0 1565.0 9390.0
 182 182 78 22.778 882.6999999999999 16.799999999999997 713.88 2379.6 2827.7999999999997 16966.8
 183 183 1 38.668 2068.5 30.799999999999997 214.02 713.4 1060.6999999999998 6364.2
 184 184 98 26.593 1419.6 53.199999999999996 171.0 570.0 528.6999999999999 3172.2
 185 185 117 13.180999999999997 1717.8 79.8 356.04 1186.8 947.2 5683.2
 186 186 102 24.255 1408.3999999999999 21.0 310.8 1036.0 1413.4 8480.4
 187 187 55 13.404999999999998 1560.3 190.39999999999998 394.44 1314.8 907.0999999999999 5442.599999999999
 189 189 27 28.147 2493.3999999999996 49.699999999999996 223.8 746.0 486.70000000000005 2920.2000000000003
 193 193 58 38.948 728.0 34.3 520.2 1734.0 4576.4 27458.399999999998
 195 195 40 34.425999999999995 2011.8 7.699999999999999 384.0 1280.0 2388.1 14328.6
 197 197 87 23.226 981.4 53.199999999999996 128.31 427.7 95.7 574.2
 201 201 42 37.618 827.4 37.099999999999994 181.08 603.6 1594.3000000000002 9565.800000000001
 202 202 115 39.515 737.8 13.299999999999999 236.52 788.4 615.0 3690.0
 203 203 99 20.433 2537.5 41.3 240.96 803.2 1195.1000000000001 7170.6
 207 207 89 18.508 682.5 19.599999999999998 190.41 634.7 964.8000000000001 5788.8
 208 208 86 20.762 294.0 30.099999999999998 46.17 153.9 450.09999999999997 2700.6
 209 209 89 17.724 471.09999999999997 19.599999999999998 177.18 590.6 1107.3999999999999 6644.4
 211 211 106 34.489 1274.6999999999998 28.0 160.92 536.4 327.40000000000003 1964.4
 212 212 92 20.391 42.699999999999996 19.599999999999998 69.0 230.0 245.7 1474.2
 213 213 90 34.803999999999995 46.199999999999996 4.8999999999999995 10.5 35.0 13.899999999999999 83.39999999999999
 215 215 90 27.447 880.5999999999999 35.0 277.14 923.8 513.0 3078.0
 216 216 68 22.988 258.3 39.9 14.4 48.0 27.1 162.6
 220 220 68 29.028999999999996 1073.1 17.5 244.5 815.0 1775.3999999999999 10652.4
 222 222 90 32.963 1628.8999999999999 45.5 263.52 878.4 579.8 3478.7999999999997
 223 223 100 30.072 2060.1 11.899999999999999 135.96 453.2 156.1 936.5999999999999
 224 224 100 39.025 202.29999999999998 39.9 75.6 252.0 452.59999999999997 2715.6
 226 226 86 38.29 109.19999999999999 52.5 30.81 102.7 241.8 1450.8
 227 227 54 26.102999999999998 464.09999999999997 34.3 356.97 1189.9 136.5 819.0
 228 228 44 36.861999999999995 145.6 21.7 3.06 10.2 26.0 156.0
 229 229 44 26.984999999999996 1478.3999999999999 4.8999999999999995 275.49 918.3 561.4 3368.4
 230 230 91 29.210999999999995 1145.8999999999999 46.199999999999996 507.0 1690.0 4532.7 27196.199999999997
 231 231 91 19.474 420.0 33.599999999999994 30.57 101.9 77.8 466.8
 232 232 91 12.936 1729.0 257.59999999999997 281.91 939.7 349.79999999999995 2098.7999999999997
 234 234 91 22.463 2001.3 17.5 193.08 643.6 1454.3000000000002 8725.800000000001
 235 235 65 29.624 1339.1 7.699999999999999 1202.52 4008.4 10309.300000000001 61855.8
 239 239 33 24.668 293.29999999999995 2.8 4.5 15.0 37.9 227.4
 241 241 15 13.565999999999999 2080.4 166.6 352.8 1176.0 734.4 4406.4
 242 242 52 30.926 2307.2 11.899999999999999 538.62 1795.4 846.4 5078.4
 243 243 88 35.202999999999996 25.9 41.3 113.07 376.9 1061.8000000000002 6370.8
 244 244 33 31.436999999999994 5.6 52.5 64.56 215.2 477.29999999999995 2863.7999999999997
 246 246 80 37.177 1295.0 35.699999999999996 206.82 689.4 1987.8 11926.8
 250 250 80 13.292999999999997 1528.8 107.1 123.0 410.0 244.8 1468.8
 253 253 25 32.836999999999996 2545.2 12.6 326.46 1088.2 1595.3999999999999 9572.4
 256 256 23 19.936 1365.0 22.4 279.6 932.0 1052.3999999999999 6314.4
 257 257 79 31.436999999999994 339.5 18.2 68.88 229.6 421.8 2530.8
 259 259 8 18.144 2259.6 15.399999999999999 267.6 892.0 562.8 3376.8
 261 261 108 13.328 996.0999999999999 224.7 433.2 1444.0 1111.6 6669.599999999999
 262 262 17 39.129999999999995 562.8 11.899999999999999 155.1 517.0 77.2 463.2
 263 263 29 19.551 6.3 7.0 79.08 263.6 371.70000000000005 2230.2000000000003
 264 264 29 19.215 104.3 18.9 13.26 44.2 99.7 598.2
 268 268 2 38.605 70.69999999999999 22.4 51.12 170.4 442.1 2652.6
 269 269 2 13.691999999999998 1733.1999999999998 121.1 240.3 801.0 131.7 790.2
 271 271 12 28.202999999999996 1486.8 42.0 324.66 1082.2 2234.4 13406.4
 280 280 26 27.523999999999997 1039.5 5.6 167.7 559.0 1358.8 8152.799999999999
 283 283 61 0.0 0.0 0.0 0.0 54.9 182.0 1092.0
 284 284 61 0.0 0.0 0.0 0.0 54.0 225.0 1350.0
 285 285 29 0.0 0.0 0.0 0.0 108.0 432.0 2592.0
 286 286 70 0.0 0.0 0.0 0.0 58.0 224.0 1344.0
 287 287 122 0.0 0.0 0.0 0.0 80.0 352.0 2112.0
 288 288 29 0.0 0.0 0.0 0.0 17.0 87.0 522.0
 289 289 61 0.0 0.0 0.0 0.0 13.8 158.0 948.0
 290 290 61 0.0 0.0 0.0 0.0 39.6 283.0 1698.0
 291 291 49 0.0 0.0 0.0 0.0 30.5 224.0 1344.0
 292 292 42 0.0 0.0 0.0 0.0 42.0 152.0 912.0
 ;
param: LINE: line_num line_x line_Pmax line_fbus line_tbus := 
1 1 0.02511 1207.06625 98 1
2 2 0.01311 1207.06625 78 1
3 3 0.01254 1207.06625 81 1
4 4 0.02365 1326.57776 120 2
5 5 0.05219 1326.57776 2 120
6 6 0.02829 1207.06625 2 75
7 7 0.02769 1207.06625 3 26
8 8 0.01236 1493.89381 4 62
9 9 0.01243 1326.57776 89 4
10 10 0.00507 1207.06625 5 118
11 11 0.0111 1207.06625 112 5
12 12 0.02151 1207.06625 49 5
13 13 0.00948 1326.57776 82 6
14 14 0.0076 1493.89381 6 82
15 15 0.00256 1326.57776 76 6
16 16 0.0078 1207.06625 76 6
17 17 0.03431 1326.57776 6 93
18 18 0.03828 1326.57776 55 7
19 19 0.03828 1326.57776 55 7
20 20 0.01476 1326.57776 7 40
21 21 0.02097 1326.57776 7 30
22 22 0.02777 1326.57776 7 30
23 23 0.02777 1326.57776 7 30
24 24 0.02046 1326.57776 7 30
25 25 0.02046 1326.57776 7 30
26 26 0.02481 1326.57776 7 30
27 27 0.04514 1493.89381 7 63
28 28 0.00287 1207.06625 15 8
29 29 0.0149 1326.57776 8 29
30 30 0.02341 1326.57776 99 9
31 31 0.00317 1207.06625 9 110
32 32 0.00763 1326.57776 9 44
33 33 0.01958 1326.57776 9 43
34 34 0.01377 1326.57776 9 24
35 35 0.00198 1326.57776 10 76
36 36 0.01619 1207.06625 76 10
37 37 0.02396 1493.89381 10 82
38 38 0.00337 1326.57776 76 10
39 39 0.00907 1326.57776 10 20
40 40 0.00818 1326.57776 11 55
41 41 0.00398 1326.57776 55 11
42 42 0.00245 1326.57776 60 11
43 43 0.02967 1326.57776 12 74
44 44 0.00429 1207.06625 12 14
45 45 0.00413 1207.06625 109 13
46 46 0.0182 1326.57776 13 42
47 47 0.02953 1207.06625 74 14
48 48 0.03757 1326.57776 14 35
49 49 0.06803 1207.06625 16 14
50 50 0.00887 1326.57776 15 64
51 51 0.00473 1326.57776 33 15
52 52 0.00522 1207.06625 17 29
53 53 0.01842 1207.06625 65 18
54 54 0.00752 1207.06625 80 18
55 55 0.00443 1207.06625 32 18
56 56 0.02388 1326.57776 65 19
57 57 0.03326 1326.57776 19 73
58 58 0.02253 1326.57776 47 19
59 59 0.00383 1326.57776 27 20
60 60 0.01287 1326.57776 20 117
61 61 0.00464 1326.57776 20 27
62 62 0.00181 1493.89381 109 20
63 63 0.01333 1326.57776 21 22
64 64 0.01333 1326.57776 21 22
65 65 0.03383 1326.57776 21 50
66 66 0.01502 1326.57776 66 21
67 67 0.01502 1326.57776 66 21
68 68 0.05499 1326.57776 21 70
69 69 0.05499 1326.57776 21 70
70 70 0.02571 1326.57776 66 22
71 71 0.01598 1493.89381 50 22
72 72 0.04578 1326.57776 26 22
73 73 0.0092 1326.57776 22 50
74 74 0.02053 1326.57776 22 94
75 75 0.00721 1326.57776 23 56
76 76 0.02087 1326.57776 24 79
77 77 0.01733 1326.57776 69 24
78 78 0.01996 1326.57776 25 71
79 79 0.00411 1207.06625 25 85
80 80 0.02082 1207.06625 72 25
81 81 0.00694 1493.89381 25 85
82 82 0.01632 1207.06625 103 25
83 83 0.03592 1326.57776 26 50
84 84 0.01053 1207.06625 26 53
85 85 0.023 1207.06625 26 53
86 86 0.01458 1326.57776 55 27
87 87 0.01303 1326.57776 27 55
88 88 0.00441 1493.89381 101 27
89 89 0.01732 1326.57776 55 27
90 90 0.00735 1326.57776 27 37
91 91 0.00876 1493.89381 27 97
92 92 0.00552 1207.06625 28 77
93 93 0.02228 1326.57776 28 61
94 94 0.02173 1326.57776 28 41
95 95 0.01129 1207.06625 29 36
96 96 0.01116 1326.57776 33 29
97 97 0.00447 1326.57776 56 29
98 98 0.01889 1326.57776 61 29
99 99 0.00842 1326.57776 30 34
100 100 0.02872 1493.89381 120 30
101 101 0.00437 1326.57776 30 34
102 102 0.03255 1326.57776 30 48
103 103 0.018 1326.57776 30 94
104 104 0.02872 1207.06625 91 31
105 105 0.00736 1326.57776 65 31
106 106 0.00736 1326.57776 65 31
107 107 0.02218 1326.57776 31 38
108 108 0.02218 1326.57776 31 38
109 109 0.02157 1326.57776 31 83
110 110 0.02706 1207.06625 32 71
111 111 0.0352 1326.57776 77 33
112 112 0.00823 1493.89381 34 94
113 113 0.0108 1207.06625 120 35
114 114 0.00767 1207.06625 108 36
115 115 0.00157 1207.06625 56 36
116 116 0.01838 1326.57776 37 107
117 117 0.01838 1326.57776 37 107
118 118 0.00185 1326.57776 97 37
119 119 0.00803 1493.89381 38 52
120 120 0.02452 1326.57776 39 54
121 121 0.02452 1326.57776 39 54
122 122 0.00469 1326.57776 39 105
123 123 0.01391 1326.57776 102 40
124 124 0.01391 1326.57776 102 40
125 125 0.02185 1326.57776 55 40
126 126 0.0333 1326.57776 40 87
127 127 0.0333 1326.57776 40 87
128 128 0.01663 1326.57776 60 40
129 129 0.01204 1326.57776 60 40
130 130 0.01204 1326.57776 60 40
131 131 0.00825 1493.89381 66 41
132 132 0.00795 1326.57776 42 107
133 133 0.01733 1207.06625 42 115
134 134 0.0256 1326.57776 109 42
135 135 0.01257 1207.06625 79 43
136 136 0.01108 1326.57776 54 44
137 137 0.00617 1326.57776 95 44
138 138 0.00617 1326.57776 95 44
139 139 0.01163 1326.57776 95 44
140 140 0.02264 1326.57776 70 45
141 141 0.02033 1326.57776 47 45
142 142 0.00665 1207.06625 113 46
143 143 0.00502 1207.06625 47 88
144 144 0.00794 1326.57776 74 48
145 145 0.01425 1326.57776 94 48
146 146 0.06026 1326.57776 65 49
147 147 0.03263 1326.57776 59 50
148 148 0.01356 1207.06625 51 85
149 149 0.00765 1207.06625 51 85
150 150 0.004 1326.57776 83 52
151 151 0.00286 1207.06625 52 83
152 152 0.02006 1326.57776 78 54
153 153 0.00479 1326.57776 55 97
154 154 0.00479 1326.57776 55 97
155 155 0.00479 1326.57776 55 97
156 156 0.00496 1326.57776 55 60
157 157 0.00496 1326.57776 55 60
158 158 0.01107 1326.57776 86 57
159 159 0.01844 1326.57776 58 93
160 160 0.00454 1326.57776 60 102
161 161 0.00454 1326.57776 60 102
162 162 0.01796 1207.06625 78 63
163 163 0.0351 1326.57776 77 64
164 164 0.0351 1326.57776 77 64
165 165 0.00434 1207.06625 88 64
166 166 0.00726 1326.57776 83 64
167 167 0.03466 1326.57776 77 66
168 168 0.00547 1207.06625 67 92
169 169 0.01375 1493.89381 95 67
170 170 0.00297 1326.57776 67 105
171 171 0.0033 1326.57776 67 105
172 172 0.00802 1207.06625 89 67
173 173 0.00177 855.10483 96 68
174 174 0.03159 1326.57776 68 111
175 175 0.03159 1326.57776 68 111
176 176 0.03159 1326.57776 68 111
177 177 0.03159 1326.57776 68 111
178 178 0.00129 919.64102 68 69
179 179 0.01709 1326.57776 69 90
180 180 0.01709 1326.57776 69 90
181 181 0.0011 681.21557 84 69
182 182 0.0011 681.21557 84 69
183 183 0.00086 598.15507 84 69
184 184 0.00133 681.21557 69 116
185 185 0.00133 681.21557 69 116
186 186 0.02467 1326.57776 76 82
187 187 0.00125 681.21557 76 114
188 188 0.01539 1207.06625 78 115
189 189 0.01375 1207.06625 108 79
190 190 0.01835 1207.06625 80 113
191 191 0.02282 1326.57776 91 80
192 192 0.00114 681.21557 96 84
193 193 0.0081 1326.57776 112 85
194 194 0.00375 1326.57776 86 100
195 195 0.00766 1326.57776 86 100
196 196 0.0071 1326.57776 89 86
197 197 0.03615 1326.57776 87 120
198 198 0.01694 1493.89381 87 120
199 199 0.02615 1326.57776 87 93
200 200 0.02226 1326.57776 93 87
201 201 0.02226 1326.57776 93 87
202 202 0.00591 1493.89381 89 106
203 203 0.00788 1493.89381 89 100
204 204 0.00182 919.64102 96 89
205 205 0.00073 681.21557 89 96
206 206 0.00073 681.21557 89 96
207 207 0.00073 681.21557 89 96
208 208 0.03545 1326.57776 90 91
209 209 0.03545 1326.57776 90 91
210 210 0.01372 1326.57776 90 116
211 211 0.01007 1326.57776 116 90
212 212 0.01007 1326.57776 116 90
213 213 0.02171 1326.57776 90 91
214 214 0.02171 1326.57776 90 91
215 215 0.00449 1326.57776 106 92
216 216 0.003 1207.06625 105 92
217 217 0.01495 1326.57776 102 93
218 218 0.01455 1326.57776 102 93
219 219 0.01455 1326.57776 102 93
220 220 0.01455 1326.57776 102 93
221 221 0.00903 1326.57776 119 94
222 222 0.01116 1326.57776 95 105
223 223 0.04296 1326.57776 98 106
224 224 0.03805 1326.57776 98 106
225 225 0.01174 1326.57776 106 100
226 226 0.02623 1326.57776 101 102
227 227 0.02623 1326.57776 101 102
228 228 0.02573 1326.57776 101 102
229 229 0.02573 1326.57776 101 102
230 230 0.02573 1326.57776 101 102
231 231 0.00094 752.32491 101 114
232 232 0.00094 752.32491 101 114
233 233 0.00094 752.32491 101 114
234 234 0.00094 752.32491 101 114
235 235 0.02051 1326.57776 104 102
236 236 0.02051 1326.57776 104 102
237 237 0.01862 1326.57776 117 107
238 238 0.01222 1326.57776 109 117
239 239 0.04619 1326.57776 113 112
240 240 0.02365 1326.57776 120 121
241 241 0.01434 1326.57776 2 121
242 242 0.00948 1326.57776 82 122
243 243 0.01175 1326.57776 6 122
244 244 0.01743 1326.57776 6 122
245 245 0.01485 1207.06625 123 98
246 246 0.009 700.0 76 6
247 247 0.009 700.0 7 40
248 248 0.009 700.0 26 22
249 249 0.009 700.0 26 50
250 250 0.009 700.0 34 94
251 251 0.009 700.0 74 48
252 252 0.009 700.0 87 120
253 253 0.009 700.0 119 94
254 254 0.009 700.0 104 102
255 255 0.009 700.0 104 102
;
param: TIME: time_num := 
1 1
2 2
3 3
4 4
5 5
6 6
7 7
8 8
9 9
10 10
11 11
12 12
13 13
14 14
15 15
16 16
17 17
18 18
19 19
20 20
21 21
22 22
23 23
24 24
;
param: BUS_TIME: bustime_num load_b_t:= 
1 1 1 86.22
1 2 2 86.65
1 3 3 86.58
1 4 4 84.78
1 5 5 89.31
1 6 6 93.04
1 7 7 96.49
1 8 8 95.99
1 9 9 98.12
1 10 10 98.13
1 11 11 96.28
1 12 12 93.38
1 13 13 89.98
1 14 14 85.82
1 15 15 85.52
1 16 16 84.13
1 17 17 87.59
1 18 18 92.31
1 19 19 98.72
1 20 20 96.55
1 21 21 97.28
1 22 22 94.31
1 23 23 92.34
1 24 24 87.13
2 1 25 -491.13
2 2 26 -490.84000000000003
2 3 27 -490.69000000000005
2 4 28 -489.72
2 5 29 -488.65
2 6 30 -485.6
2 7 31 -481.74
2 8 32 -478.92
2 9 33 -476.17
2 10 34 -473.09000000000003
2 11 35 -471.56000000000006
2 12 36 -314.52
2 13 37 -183.2
2 14 38 -85.95
2 15 39 -68.79
2 16 40 -54.980000000000004
2 17 41 -46.730000000000004
2 18 42 10.529999999999994
2 19 43 45.36000000000001
2 20 44 62.230000000000004
2 21 45 124.32
2 22 46 122.09
2 23 47 93.55
2 24 48 70.62
3 1 49 144.28
3 2 50 144.93
3 3 51 145.93
3 4 52 146.89
3 5 53 147.75
3 6 54 148.6
3 7 55 149.66
3 8 56 150.06
3 9 57 150.6
3 10 58 151.99
3 11 59 147.22
3 12 60 142.25
3 13 61 137.82999999999998
3 14 62 135.65
3 15 63 133.35000000000002
3 16 64 134.22
3 17 65 137.69
3 18 66 144.32000000000002
3 19 67 151.70000000000002
3 20 68 158.47
3 21 69 157.94
3 22 70 156.9
3 23 71 154.95
3 24 72 153.24
4 1 73 191.66
4 2 74 190.53
4 3 75 189.13
4 4 76 188.68
4 5 77 190.0
4 6 78 192.97
4 7 79 196.94
4 8 80 197.63
4 9 81 195.93
4 10 82 194.87
4 11 83 194.98
4 12 84 194.04
4 13 85 191.21
4 14 86 188.84
4 15 87 186.51
4 16 88 186.18
4 17 89 188.43
4 18 90 198.71
4 19 91 203.19
4 20 92 201.95
4 21 93 199.2
4 22 94 194.96
4 23 95 187.82
4 24 96 179.64
5 1 97 28.42
5 2 98 29.1
5 3 99 29.08
5 4 100 28.78
5 5 101 28.53
5 6 102 28.69
5 7 103 29.01
5 8 104 28.69
5 9 105 28.57
5 10 106 28.58
5 11 107 28.37
5 12 108 28.21
5 13 109 27.88
5 14 110 27.41
5 15 111 27.11
5 16 112 27.02
5 17 113 27.38
5 18 114 28.63
5 19 115 30.15
5 20 116 30.37
5 21 117 30.29
5 22 118 29.99
5 23 119 29.05
5 24 120 27.8
6 1 121 540.95
6 2 122 533.6899999999999
6 3 123 523.3399999999999
6 4 124 520.09
6 5 125 531.0
6 6 126 550.59
6 7 127 571.54
6 8 128 588.33
6 9 129 607.66
6 10 130 636.97
6 11 131 616.8100000000001
6 12 132 559.1
6 13 133 557.35
6 14 134 547.83
6 15 135 535.9
6 16 136 533.04
6 17 137 549.5
6 18 138 592.34
6 19 139 654.6500000000001
6 20 140 712.5799999999999
6 21 141 703.27
6 22 142 679.79
6 23 143 672.75
6 24 144 662.38
7 1 145 -137.5
7 2 146 -137.2
7 3 147 -136.95
7 4 148 -136.53
7 5 149 -135.76
7 6 150 -134.38
7 7 151 -132.91
7 8 152 -131.73
7 9 153 -130.37
7 10 154 -82.18
7 11 155 -3.1600000000000037
7 12 156 -2.240000000000002
7 13 157 -2.3599999999999994
7 14 158 -3.030000000000001
7 15 159 -3.8700000000000045
7 16 160 -4.07
7 17 161 -2.9200000000000017
7 18 162 0.0899999999999963
7 19 163 -44.410000000000004
7 20 164 -122.17
7 21 165 -102.78999999999999
7 22 166 -63.47
7 23 167 -35.669999999999995
7 24 168 -32.14
8 1 169 158.95
8 2 170 159.9
8 3 171 160.26
8 4 172 161.4
8 5 173 163.91
8 6 174 169.59
8 7 175 176.69
8 8 176 179.69
8 9 177 182.3
8 10 178 184.39999999999998
8 11 179 179.42999999999998
8 12 180 172.38
8 13 181 164.93
8 14 182 161.14
8 15 183 162.33999999999997
8 16 184 166.74
8 17 185 176.15
8 18 186 192.1
8 19 187 204.75
8 20 188 207.82
8 21 189 204.45
8 22 190 199.76
8 23 191 189.69
8 24 192 181.63
9 1 193 183.84
9 2 194 184.76
9 3 195 184.61
9 4 196 180.78
9 5 197 190.44
9 6 198 198.39
9 7 199 205.75
9 8 200 204.69
9 9 201 209.22
9 10 202 209.25
9 11 203 205.3
9 12 204 199.11
9 13 205 191.87
9 14 206 183.0
9 15 207 182.36
9 16 208 179.39
9 17 209 186.76
9 18 210 196.85
9 19 211 210.51
9 20 212 205.89
9 21 213 207.43
9 22 214 201.1
9 23 215 196.9
9 24 216 185.78
10 1 217 985.21
10 2 218 992.81
10 3 219 999.02
10 4 220 1009.75
10 5 221 1029.12
10 6 222 1063.89
10 7 223 1101.09
10 8 224 1130.89
10 9 225 1165.2
10 10 226 1217.23
10 11 227 1257.81
10 12 228 1280.93
10 13 229 1277.82
10 14 230 1260.92
10 15 231 1239.75
10 16 232 1234.67
10 17 233 1263.88
10 18 234 1339.92
10 19 235 1378.51
10 20 236 1372.42
10 21 237 1363.28
10 22 238 1329.0
10 23 239 1271.17
10 24 240 1214.68
11 1 241 41.53
11 2 242 41.85
11 3 243 42.11
11 4 244 42.56
11 5 245 43.38
11 6 246 44.85
11 7 247 46.41
11 8 248 47.67
11 9 249 49.12
11 10 250 51.31
11 11 251 53.02
11 12 252 53.99
11 13 253 53.86
11 14 254 53.15
11 15 255 52.26
11 16 256 52.04
11 17 257 53.27
11 18 258 56.48
11 19 259 58.11
11 20 260 57.85
11 21 261 57.46
11 22 262 56.02
11 23 263 53.58
11 24 264 51.2
12 1 265 349.77
12 2 266 351.35
12 3 267 353.77
12 4 268 356.1
12 5 269 358.16
12 6 270 360.23
12 7 271 362.8
12 8 272 363.78
12 9 273 365.08
12 10 274 369.81
12 11 275 372.65
12 12 276 372.64
12 13 277 374.25
12 14 278 374.8
12 15 279 372.54
12 16 280 371.29
12 17 281 371.92
12 18 282 376.34
12 19 283 381.79
12 20 284 384.15
12 21 285 382.89
12 22 286 380.36
12 23 287 375.62
12 24 288 371.47
13 1 289 729.29
13 2 290 734.91
13 3 291 739.51
13 4 292 747.45
13 5 293 761.79
13 6 294 787.53
13 7 295 815.07
13 8 296 837.12
13 9 297 862.52
13 10 298 899.8699999999999
13 11 299 925.55
13 12 300 939.6600000000001
13 13 301 934.5699999999999
13 14 302 917.2
13 15 303 901.43
13 16 304 899.0300000000001
13 17 305 924.2900000000001
13 18 306 984.59
13 19 307 1018.07
13 20 308 1015.91
13 21 309 1009.14
13 22 310 983.77
13 23 311 940.96
13 24 312 899.15
14 1 313 -155.53
14 2 314 -155.19
14 3 315 -154.68
14 4 316 -154.18
14 5 317 -153.74
14 6 318 -153.3
14 7 319 -152.76
14 8 320 -152.55
14 9 321 -152.26999999999998
14 10 322 -171.33999999999997
14 11 323 -417.36
14 12 324 -614.72
14 13 325 -807.8399999999999
14 14 326 -941.2
14 15 327 -956.01
14 16 328 -880.0799999999999
14 17 329 -703.56
14 18 330 -518.3
14 19 331 -322.01
14 20 332 -148.20999999999998
14 21 333 -56.55
14 22 334 9.780000000000001
14 23 335 49.269999999999996
14 24 336 50.980000000000004
15 1 337 40.64
15 2 338 40.89
15 3 339 40.98
15 4 340 41.27
15 5 341 41.91
15 6 342 43.36
15 7 343 45.18
15 8 344 45.95
15 9 345 46.61
15 10 346 44.790000000000006
15 11 347 37.03
15 12 348 30.480000000000004
15 13 349 23.690000000000005
15 14 350 19.379999999999995
15 15 351 18.89
15 16 352 21.4
15 17 353 27.950000000000003
15 18 354 37.56
15 19 355 47.46
15 20 356 53.14
15 21 357 52.28
15 22 358 51.08
15 23 359 48.5
15 24 360 46.44
16 1 361 -240.98
16 2 362 -240.95
16 3 363 -240.94
16 4 364 -240.85
16 5 365 -240.75
16 6 366 -240.47
16 7 367 -240.11
16 8 368 -227.39
16 9 369 -181.66
16 10 370 -142.87
16 11 371 -199.76
16 12 372 -236.05
16 13 373 -274.75
16 14 374 -300.44
16 15 375 -312.82000000000005
16 16 376 -290.85
16 17 377 -245.63
16 18 378 -164.97
16 19 379 -77.06
16 20 380 -4.1899999999999995
16 21 381 6.1
16 22 382 5.82
16 23 383 -4.969999999999999
16 24 384 -9.91
17 1 385 167.06
17 2 386 168.06
17 3 387 168.43
17 4 388 169.63
17 5 389 172.27
17 6 390 178.23
17 7 391 185.7
17 8 392 188.85
17 9 393 191.59
17 10 394 191.60999999999999
17 11 395 180.52
17 12 396 168.82000000000002
17 13 397 157.0
17 14 398 150.41
17 15 399 150.87
17 16 400 157.01999999999998
17 17 401 170.07
17 18 402 192.29
17 19 403 211.35
17 20 404 218.42
17 21 405 214.87
17 22 406 209.95
17 23 407 199.37
17 24 408 190.89
18 1 409 98.42
18 2 410 100.77
18 3 411 100.69
18 4 412 99.66
18 5 413 92.07000000000001
18 6 414 94.35000000000001
18 7 415 93.53000000000002
18 8 416 87.66
18 9 417 75.08
18 10 418 50.989999999999995
18 11 419 9.249999999999993
18 12 420 12.79
18 13 421 15.050000000000004
18 14 422 16.39
18 15 423 20.519999999999996
18 16 424 23.990000000000002
18 17 425 16.279999999999994
18 18 426 -63.16
18 19 427 -94.95
18 20 428 -95.0
18 21 429 -68.26
18 22 430 -66.78999999999999
18 23 431 -198.09
18 24 432 -129.31
19 1 433 66.15
19 2 434 56.47000000000001
19 3 435 67.67
19 4 436 66.98
19 5 437 66.39
19 6 438 66.78
19 7 439 67.52
19 8 440 66.78
19 9 441 57.75
19 10 442 50.13
19 11 443 19.289999999999996
19 12 444 -69.3
19 13 445 -342.34999999999997
19 14 446 -653.0
19 15 447 -592.86
19 16 448 -544.03
19 17 449 -281.95
19 18 450 -244.90999999999997
19 19 451 -142.17999999999998
19 20 452 -165.18999999999997
19 21 453 -157.01
19 22 454 -153.45
19 23 455 -154.36999999999998
19 24 456 -131.02
20 1 457 446.52
20 2 458 449.96
20 3 459 452.77
20 4 460 457.64
20 5 461 466.42
20 6 462 482.17
20 7 463 499.04
20 8 464 512.54
20 9 465 528.09
20 10 466 551.67
20 11 467 570.06
20 12 468 580.54
20 13 469 579.13
20 14 470 571.47
20 15 471 561.87
20 16 472 559.58
20 17 473 572.81
20 18 474 607.28
20 19 475 624.76
20 20 476 622.0
20 21 477 617.86
20 22 478 602.33
20 23 479 576.12
20 24 480 550.52
21 1 481 138.54
21 2 482 139.9
21 3 483 140.56
21 4 484 141.07
21 5 485 142.49
21 6 486 146.14
21 7 487 149.75
21 8 488 153.26
21 9 489 157.83
21 10 490 160.92
21 11 491 161.39
21 12 492 161.68
21 13 493 160.53
21 14 494 158.59
21 15 495 156.87
21 16 496 158.45
21 17 497 160.71
21 18 498 165.72
21 19 499 170.58
21 20 500 170.77
21 21 501 169.69
21 22 502 166.96
21 23 503 161.21
21 24 504 156.53
22 1 505 0.7000000000000028
22 2 506 -237.11
22 3 507 -285.15000000000003
22 4 508 -342.43999999999994
22 5 509 -408.48
22 6 510 -433.48
22 7 511 -462.47999999999996
22 8 512 -490.32
22 9 513 -633.13
22 10 514 -646.6600000000001
22 11 515 -646.35
22 12 516 -1054.23
22 13 517 -646.94
22 14 518 -648.21
22 15 519 -882.8800000000001
22 16 520 -648.3000000000001
22 17 521 -646.8000000000001
22 18 522 -643.47
22 19 523 -640.24
22 20 524 -640.12
22 21 525 -713.38
22 22 526 -244.22
22 23 527 -126.34
22 24 528 -137.40000000000003
23 1 529 134.72
23 2 530 135.53
23 3 531 135.83
23 4 532 136.8
23 5 533 138.92
23 6 534 143.73
23 7 535 149.75
23 8 536 152.3
23 9 537 154.51
23 10 538 154.3
23 11 539 145.60999999999999
23 12 540 136.42000000000002
23 13 541 126.52
23 14 542 120.76000000000002
23 15 543 121.78999999999998
23 16 544 126.61000000000001
23 17 545 137.68
23 18 546 155.28000000000003
23 19 547 170.64
23 20 548 176.14
23 21 549 173.28
23 22 550 169.31
23 23 551 160.77
23 24 552 153.94
24 1 553 141.06
24 2 554 141.91
24 3 555 142.23
24 4 556 143.24
24 5 557 145.47
24 6 558 150.5
24 7 559 156.8
24 8 560 159.47
24 9 561 161.78
24 10 562 165.3
24 11 563 165.47
24 12 564 162.56
24 13 565 159.29
24 14 566 158.19
24 15 567 159.75
24 16 568 162.69
24 17 569 168.16
24 18 570 178.55
24 19 571 185.11
24 20 572 184.44
24 21 573 181.44
24 22 574 177.28
24 23 575 168.35
24 24 576 161.19
25 1 577 180.31
25 2 578 184.64
25 3 579 184.48
25 4 580 182.58
25 5 581 165.7
25 6 582 162.93
25 7 583 160.49
25 8 584 153.1
25 9 585 147.34
25 10 586 139.89
25 11 587 128.05
25 12 588 112.69999999999999
25 13 589 92.23
25 14 590 66.89000000000001
25 15 591 73.03999999999999
25 16 592 79.84
25 17 593 88.7
25 18 594 99.71
25 19 595 106.01
25 20 596 98.23
25 21 597 88.84999999999998
25 22 598 74.88999999999999
25 23 599 54.28
25 24 600 21.419999999999987
26 1 601 254.01000000000002
26 2 602 122.10999999999999
26 3 603 197.06000000000003
26 4 604 171.38
26 5 605 142.10999999999996
26 6 606 147.94
26 7 607 157.75999999999996
26 8 608 -35.77000000000007
26 9 609 178.63000000000002
26 10 610 86.61
26 11 611 -695.93
26 12 612 -1325.06
26 13 613 -1934.55
26 14 614 -1701.83
26 15 615 -1770.7799999999997
26 16 616 -1665.87
26 17 617 -1273.82
26 18 618 -922.8500000000001
26 19 619 -423.61000000000007
26 20 620 163.82999999999998
26 21 621 162.76999999999998
26 22 622 199.25999999999996
26 23 623 225.01999999999998
26 24 624 199.93999999999997
27 1 625 951.37
27 2 626 958.7
27 3 627 964.7
27 4 628 975.06
27 5 629 993.77
27 6 630 1027.34
27 7 631 1063.27
27 8 632 1092.04
27 9 633 1125.17
27 10 634 1174.8000000000002
27 11 635 1211.4399999999998
27 12 636 1232.01
27 13 637 1227.19
27 14 638 1208.7299999999998
27 15 639 1188.3200000000002
27 16 640 1184.31
27 17 641 1214.46
27 18 642 1290.01
27 19 643 1329.8500000000001
27 20 644 1325.27
27 21 645 1316.44
27 22 646 1283.34
27 23 647 1227.5
27 24 648 1172.95
28 1 649 56.11
28 2 650 3.6299999999999955
28 3 651 -35.669999999999995
28 4 652 -114.13000000000001
28 5 653 -246.73999999999998
28 6 654 -336.2
28 7 655 -449.67
28 8 656 -587.56
28 9 657 -609.87
28 10 658 -339.53
28 11 659 -173.03
28 12 660 -191.61
28 13 661 -192.08000000000004
28 14 662 -192.87
28 15 663 -193.56000000000003
28 16 664 -192.92000000000002
28 17 665 -192.01000000000002
28 18 666 -189.98000000000002
28 19 667 -181.37
28 20 668 -100.21999999999998
28 21 669 -185.95
28 22 670 -317.54
28 23 671 -269.38
28 24 672 -310.92
29 1 673 988.62
29 2 674 994.52
29 3 675 996.76
29 4 676 1003.86
29 5 677 1019.46
29 6 678 1054.76
29 7 679 1098.92
29 8 680 1117.59
29 9 681 1133.82
29 10 682 1158.49
29 11 683 1159.64
29 12 684 1139.3
29 13 685 1116.34
29 14 686 1108.66
29 15 687 1119.57
29 16 688 1140.15
29 17 689 1178.53
29 18 690 1251.35
29 19 691 1297.27
29 20 692 1292.58
29 21 693 1271.59
29 22 694 1242.45
29 23 695 1179.81
29 24 696 1129.65
30 1 697 -596.14
30 2 698 -272.86
30 3 699 -406.78
30 4 700 -299.15000000000003
30 5 701 -57.01999999999998
30 6 702 -391.19000000000005
30 7 703 -569.41
30 8 704 -224.68000000000006
30 9 705 -574.0500000000001
30 10 706 -245.17000000000002
30 11 707 -600.23
30 12 708 -243.77
30 13 709 -33.44
30 14 710 -35.97999999999999
30 15 711 -38.22999999999999
30 16 712 -36.16
30 17 713 -33.19
30 18 714 -26.649999999999977
30 19 715 -20.289999999999992
30 20 716 -20.049999999999983
30 21 717 24.000000000000014
30 22 718 -18.419999999999973
30 23 719 -60.28999999999999
30 24 720 -15.480000000000004
31 1 721 30.57
31 2 722 31.3
31 3 723 31.27
31 4 724 30.95
31 5 725 30.68
31 6 726 30.86
31 7 727 31.2
31 8 728 30.86
31 9 729 30.72
31 10 730 25.209999999999997
31 11 731 17.880000000000003
31 12 732 -0.3500000000000014
31 13 733 -37.00999999999999
31 14 734 -229.56000000000003
31 15 735 -92.0
31 16 736 -102.28
31 17 737 -85.35000000000001
31 18 738 -89.51
31 19 739 -93.12
31 20 740 -98.60000000000001
31 21 741 -93.55
31 22 742 -91.55000000000001
31 23 743 -92.95
31 24 744 -88.93
32 1 745 243.62
32 2 746 249.46
32 3 747 249.25
32 4 748 246.69
32 5 749 188.50000000000003
32 6 750 151.92000000000002
32 7 751 98.79
32 8 752 19.359999999999985
32 9 753 -221.82999999999996
32 10 754 -460.07000000000005
32 11 755 -565.74
32 12 756 -224.94000000000003
32 13 757 -239.59000000000003
32 14 758 -248.13
32 15 759 -250.72
32 16 760 -248.26000000000002
32 17 761 -540.5799999999999
32 18 762 -387.61
32 19 763 -470.37
32 20 764 -1103.27
32 21 765 -1163.8600000000001
32 22 766 -1166.41
32 23 767 -1174.47
32 24 768 -1054.8
33 1 769 252.38
33 2 770 253.89
33 3 771 254.46
33 4 772 256.27
33 5 773 260.25
33 6 774 269.26
33 7 775 280.54
33 8 776 285.3
33 9 777 289.45
33 10 778 293.18
33 11 779 286.6700000000001
33 12 780 276.47
33 13 781 265.22999999999996
33 14 782 259.50999999999993
33 15 783 261.69
33 16 784 268.51000000000005
33 17 785 282.53000000000003
33 18 786 307.25999999999993
33 19 787 325.99999999999994
33 20 788 329.98
33 21 789 324.62
33 22 790 317.18
33 23 791 301.19
33 24 792 288.38
34 1 793 -45.80000000000001
34 2 794 -43.650000000000034
34 3 795 -42.610000000000014
34 4 796 -41.80000000000001
34 5 797 -39.55000000000001
34 6 798 -33.79000000000002
34 7 799 -28.100000000000023
34 8 800 -22.55000000000001
34 9 801 -15.330000000000013
34 10 802 -11.670000000000018
34 11 803 -17.490000000000027
34 12 804 -22.020000000000028
34 13 805 -28.740000000000023
34 14 806 -150.12000000000003
34 15 807 -39.91000000000002
34 16 808 -35.62000000000002
34 17 809 -367.2200000000001
34 18 810 -14.130000000000004
34 19 811 2.220446049250313e-15
34 20 812 5.099999999999966
34 21 813 -273.42999999999995
34 22 814 -69.49000000000001
34 23 815 172.27
34 24 816 180.25
35 1 817 88.16
35 2 818 88.43
35 3 819 88.56
35 4 820 89.43
35 5 821 90.39
35 6 822 93.13
35 7 823 96.61
35 8 824 99.14
35 9 825 101.61
35 10 826 104.11999999999999
35 11 827 103.46
35 12 828 101.97000000000001
35 13 829 98.92999999999999
35 14 830 96.16
35 15 831 95.32000000000001
35 16 832 96.22999999999999
35 17 833 99.36
35 18 834 106.96
35 19 835 111.53
35 20 836 112.32
35 21 837 111.76
35 22 838 109.76
35 23 839 105.72
35 24 840 102.8
36 1 841 19.29
36 2 842 19.4
36 3 843 19.45
36 4 844 19.59
36 5 845 19.89
36 6 846 20.58
36 7 847 21.44
36 8 848 21.81
36 9 849 22.12
36 10 850 22.6
36 11 851 22.63
36 12 852 22.23
36 13 853 21.78
36 14 854 21.63
36 15 855 21.84
36 16 856 22.25
36 17 857 22.99
36 18 858 24.42
36 19 859 25.31
36 20 860 25.22
36 21 861 24.81
36 22 862 24.24
36 23 863 23.02
36 24 864 22.04
37 1 865 236.15
37 2 866 237.97
37 3 867 239.46
37 4 868 242.03
37 5 869 246.68
37 6 870 255.01
37 7 871 263.93
37 8 872 271.07
37 9 873 279.29
37 10 874 291.77
37 11 875 301.49
37 12 876 307.04
37 13 877 306.29
37 14 878 302.24
37 15 879 297.16
37 16 880 295.95
37 17 881 302.95
37 18 882 321.18
37 19 883 330.42
37 20 884 328.96
37 21 885 326.77
37 22 886 318.56
37 23 887 304.69
37 24 888 291.16
38 1 889 43.29
38 2 890 44.32
38 3 891 44.29
38 4 892 43.83
38 5 893 43.45
38 6 894 43.7
38 7 895 44.18
38 8 896 43.7
38 9 897 43.51
38 10 898 43.53
38 11 899 43.21
38 12 900 42.97
38 13 901 42.46
38 14 902 41.75
38 15 903 41.29
38 16 904 41.16
38 17 905 41.7
38 18 906 43.61
38 19 907 45.93
38 20 908 46.26
38 21 909 46.13
38 22 910 45.68
38 23 911 44.25
38 24 912 42.35
39 1 913 138.24
39 2 914 137.43
39 3 915 136.41
39 4 916 136.09
39 5 917 137.04
39 6 918 139.19
39 7 919 142.05
39 8 920 142.55
39 9 921 141.32
39 10 922 140.56
39 11 923 140.63
39 12 924 139.96
39 13 925 137.91
39 14 926 136.21
39 15 927 134.52
39 16 928 134.28
39 17 929 135.91
39 18 930 143.32
39 19 931 146.55
39 20 932 145.66
39 21 933 143.68
39 22 934 140.62
39 23 935 135.47
39 24 936 129.57
40 1 937 87.25
40 2 938 87.92
40 3 939 88.47
40 4 940 89.42
40 5 941 91.14
40 6 942 94.22
40 7 943 97.51
40 8 944 100.15
40 9 945 103.19
40 10 946 107.8
40 11 947 111.39
40 12 948 113.44
40 13 949 113.16
40 14 950 111.67
40 15 951 109.79
40 16 952 109.34
40 17 953 111.93
40 18 954 118.66
40 19 955 122.08
40 20 956 121.54
40 21 957 120.73
40 22 958 117.7
40 23 959 112.58
40 24 960 107.57
41 1 961 43.4
41 2 962 43.83
41 3 963 44.03
41 4 964 44.19
41 5 965 44.64
41 6 966 45.78
41 7 967 46.91
41 8 968 48.01
41 9 969 49.44
41 10 970 50.41
41 11 971 50.56
41 12 972 50.65
41 13 973 50.29
41 14 974 49.68
41 15 975 49.14
41 16 976 49.64
41 17 977 50.35
41 18 978 51.91
41 19 979 53.44
41 20 980 53.49
41 21 981 53.16
41 22 982 52.3
41 23 983 50.5
41 24 984 49.03
42 1 985 242.77
42 2 986 244.64
42 3 987 246.17
42 4 988 248.82
42 5 989 253.59
42 6 990 262.16
42 7 991 271.32
42 8 992 278.66
42 9 993 287.12
42 10 994 299.94
42 11 995 309.94
42 12 996 315.64
42 13 997 314.87
42 14 998 310.71
42 15 999 305.49
42 16 1000 304.24
42 17 1001 311.44
42 18 1002 330.17
42 19 1003 339.68
42 20 1004 338.18
42 21 1005 335.93
42 22 1006 327.48
42 23 1007 313.23
42 24 1008 299.31
43 1 1009 42.21
43 2 1010 42.47
43 3 1011 42.56
43 4 1012 42.86
43 5 1013 43.53
43 6 1014 45.04
43 7 1015 46.92
43 8 1016 47.72
43 9 1017 48.41
43 10 1018 48.019999999999996
43 11 1019 44.27
43 12 1020 40.68
43 13 1021 37.17
43 14 1022 35.36
43 15 1023 35.589999999999996
43 16 1024 37.33
43 17 1025 41.14
43 18 1026 47.37
43 19 1027 53.1
43 20 1028 55.19
43 21 1029 54.3
43 22 1030 53.05
43 23 1031 50.38
43 24 1032 48.24
44 1 1033 8.21
44 2 1034 8.25
44 3 1035 8.25
44 4 1036 8.07
44 5 1037 8.51
44 6 1038 8.86
44 7 1039 9.19
44 8 1040 9.14
44 9 1041 9.34
44 10 1042 9.35
44 11 1043 9.17
44 12 1044 8.89
44 13 1045 8.57
44 14 1046 8.17
44 15 1047 8.14
44 16 1048 8.01
44 17 1049 8.34
44 18 1050 8.79
44 19 1051 9.4
44 20 1052 9.2
44 21 1053 9.26
44 22 1054 8.98
44 23 1055 8.79
44 24 1056 8.3
45 1 1057 146.96
45 2 1058 147.84
45 3 1059 148.18
45 4 1060 149.23
45 5 1061 151.55
45 6 1062 156.8
45 7 1063 163.36
45 8 1064 166.14
45 9 1065 168.55
45 10 1066 172.22
45 11 1067 172.39
45 12 1068 169.36
45 13 1069 165.95
45 14 1070 164.81
45 15 1071 166.43
45 16 1072 169.49
45 17 1073 175.2
45 18 1074 186.02
45 19 1075 192.85
45 20 1076 192.15
45 21 1077 189.03
45 22 1078 184.7
45 23 1079 175.39
45 24 1080 167.93
46 1 1081 70.85
46 2 1082 72.55
46 3 1083 72.49
46 4 1084 71.74
46 5 1085 65.68
46 6 1086 64.16
46 7 1087 61.61999999999999
46 8 1088 55.57
46 9 1089 50.08
46 10 1090 39.040000000000006
46 11 1091 20.019999999999996
46 12 1092 11.86
46 13 1093 -0.2400000000000091
46 14 1094 -17.0
46 15 1095 -5.959999999999994
46 16 1096 2.6300000000000097
46 17 1097 10.14
46 18 1098 20.879999999999995
46 19 1099 26.85
46 20 1100 24.629999999999995
46 21 1101 8.469999999999999
46 22 1102 -10.829999999999998
46 23 1103 -35.489999999999995
46 24 1104 -18.16000000000001
47 1 1105 680.06
47 2 1106 684.13
47 3 1107 685.67
47 4 1108 690.55
47 5 1109 701.28
47 6 1110 725.56
47 7 1111 755.94
47 8 1112 768.78
47 9 1113 779.95
47 10 1114 796.92
47 11 1115 797.71
47 12 1116 783.71
47 13 1117 767.93
47 14 1118 762.64
47 15 1119 770.14
47 16 1120 784.3
47 17 1121 810.71
47 18 1122 860.8
47 19 1123 892.38
47 20 1124 889.16
47 21 1125 874.72
47 22 1126 854.67
47 23 1127 811.58
47 24 1128 777.08
48 1 1129 -50.72
48 2 1130 -50.49
48 3 1131 -50.38
48 4 1132 -50.3
48 5 1133 -50.06
48 6 1134 -49.44
48 7 1135 -48.83
48 8 1136 -48.24
48 9 1137 -47.47
48 10 1138 -46.95
48 11 1139 -78.11
48 12 1140 -46.82
48 13 1141 -47.010000000000005
48 14 1142 -47.34
48 15 1143 -47.63
48 16 1144 -155.23000000000002
48 17 1145 -46.980000000000004
48 18 1146 -46.14
48 19 1147 -45.32
48 20 1148 -45.28
48 21 1149 -42.19
48 22 1150 -13.779999999999998
48 23 1151 3.1999999999999975
48 24 1152 6.230000000000002
49 1 1153 132.38
49 2 1154 135.55
49 3 1155 135.44
49 4 1156 134.05
49 5 1157 132.87
49 6 1158 133.66
49 7 1159 135.12
49 8 1160 133.65
49 9 1161 133.06
49 10 1162 112.38
49 11 1163 62.01999999999999
49 12 1164 24.84000000000001
49 13 1165 -18.159999999999997
49 14 1166 -45.03
49 15 1167 -52.86
49 16 1168 -43.640000000000015
49 17 1169 -12.440000000000012
49 18 1170 39.129999999999995
49 19 1171 94.66
49 20 1172 141.49
49 21 1173 141.08
49 22 1174 139.7
49 23 1175 135.32
49 24 1176 129.51
50 1 1177 281.21000000000004
50 2 1178 -64.40999999999991
50 3 1179 -59.849999999999966
50 4 1180 -55.46999999999997
50 5 1181 62.029999999999944
50 6 1182 -47.70999999999998
50 7 1183 -42.86999999999995
50 8 1184 -41.029999999999916
50 9 1185 -38.589999999999975
50 10 1186 -69.1
50 11 1187 -388.74
50 12 1188 -328.0100000000001
50 13 1189 -473.11999999999995
50 14 1190 -920.0699999999999
50 15 1191 -645.55
50 16 1192 -520.04
50 17 1193 -82.14000000000004
50 18 1194 18.239999999999966
50 19 1195 -91.42999999999998
50 20 1196 -2.7299999999999613
50 21 1197 144.09
50 22 1198 373.9599999999999
50 23 1199 512.87
50 24 1200 482.5499999999999
51 1 1201 169.45
51 2 1202 173.51
51 3 1203 173.37
51 4 1204 171.59
51 5 1205 170.08
51 6 1206 171.09
51 7 1207 172.96
51 8 1208 171.07
51 9 1209 170.32
51 10 1210 170.42
51 11 1211 169.14
51 12 1212 168.2
51 13 1213 166.2
51 14 1214 163.43
51 15 1215 161.65
51 16 1216 161.13
51 17 1217 163.23
51 18 1218 170.72
51 19 1219 179.79
51 20 1220 181.11
51 21 1221 180.59
51 22 1222 178.82
51 23 1223 173.22
51 24 1224 165.78
52 1 1225 234.59
52 2 1226 235.99
52 3 1227 236.52
52 4 1228 238.21
52 5 1229 241.91
52 6 1230 250.28
52 7 1231 260.76
52 8 1232 265.19
52 9 1233 269.04
52 10 1234 273.92999999999995
52 11 1235 271.59000000000003
52 12 1236 264.85999999999996
52 13 1237 257.28999999999996
52 14 1238 253.76999999999998
52 15 1239 255.78000000000003
52 16 1240 261.41
52 17 1241 272.27
52 18 1242 292.01
52 19 1243 305.66999999999996
52 20 1244 306.72
52 21 1245 301.73
52 22 1246 294.82
52 23 1247 279.96
52 24 1248 268.05
53 1 1249 349.08
53 2 1250 295.24
53 3 1251 322.34
53 4 1252 347.04
53 5 1253 334.96000000000004
53 6 1254 293.80999999999995
53 7 1255 236.98
53 8 1256 297.02000000000004
53 9 1257 365.03000000000003
53 10 1258 333.90999999999997
53 11 1259 269.62
53 12 1260 250.43
53 13 1261 227.84999999999997
53 14 1262 198.25
53 15 1263 195.03
53 16 1264 185.76000000000002
53 17 1265 175.99
53 18 1266 180.91000000000003
53 19 1267 249.32000000000002
53 20 1268 356.57
53 21 1269 366.69
53 22 1270 378.71
53 23 1271 384.83
53 24 1272 372.49
54 1 1273 78.7
54 2 1274 79.09
54 3 1275 79.03
54 4 1276 77.39
54 5 1277 81.52
54 6 1278 84.93
54 7 1279 88.08
54 8 1280 87.62
54 9 1281 89.56
54 10 1282 89.57
54 11 1283 87.88
54 12 1284 85.23
54 13 1285 82.13
54 14 1286 78.34
54 15 1287 78.06
54 16 1288 76.79
54 17 1289 79.95
54 18 1290 84.26
54 19 1291 90.11
54 20 1292 88.13
54 21 1293 88.79
54 22 1294 86.09
54 23 1295 84.28
54 24 1296 79.53
55 1 1297 317.12
55 2 1298 319.56
55 3 1299 321.56
55 4 1300 325.01
55 5 1301 331.25
55 6 1302 342.44
55 7 1303 354.42
55 8 1304 364.0
55 9 1305 375.05
55 10 1306 391.8
55 11 1307 404.86
55 12 1308 412.3
55 13 1309 411.3
55 14 1310 405.86
55 15 1311 399.04
55 16 1312 397.41
55 17 1313 406.81
55 18 1314 431.29
55 19 1315 443.71
55 20 1316 441.75
55 21 1317 438.81
55 22 1318 427.77
55 23 1319 409.16
55 24 1320 390.98
56 1 1321 107.38
56 2 1322 108.02
56 3 1323 108.26
56 4 1324 109.03
56 5 1325 110.73
56 6 1326 114.56
56 7 1327 119.36
56 8 1328 121.38
56 9 1329 123.15
56 10 1330 125.83
56 11 1331 125.95
56 12 1332 123.74
56 13 1333 121.25
56 14 1334 120.42
56 15 1335 121.6
56 16 1336 123.83
56 17 1337 128.0
56 18 1338 135.91
56 19 1339 140.9
56 20 1340 140.39
56 21 1341 138.11
56 22 1342 134.95
56 23 1343 128.14
56 24 1344 122.69
57 1 1345 374.76
57 2 1346 372.56
57 3 1347 369.81
57 4 1348 368.95
57 5 1349 371.52
57 6 1350 377.34
57 7 1351 385.09
57 8 1352 386.44
57 9 1353 383.11
57 10 1354 381.05
57 11 1355 381.25
57 12 1356 379.42
57 13 1357 373.88
57 14 1358 369.26
57 15 1359 364.69
57 16 1360 364.04
57 17 1361 368.44
57 18 1362 388.55
57 19 1363 397.31
57 20 1364 394.9
57 21 1365 389.51
57 22 1366 381.22
57 23 1367 367.26
57 24 1368 351.27
58 1 1369 154.76
58 2 1370 156.22999999999996
58 3 1371 156.96999999999997
58 4 1372 161.77999999999997
58 5 1373 167.07
58 6 1374 182.25
58 7 1375 201.44999999999993
58 8 1376 215.42999999999995
58 9 1377 229.09000000000003
58 10 1378 243.34999999999994
58 11 1379 241.57
58 12 1380 234.98999999999992
58 13 1381 219.73
58 14 1382 210.45
58 15 1383 244.59999999999997
58 16 1384 283.83000000000004
58 17 1385 332.32
58 18 1386 458.45000000000005
58 19 1387 540.4899999999999
58 20 1388 578.78
58 21 1389 593.08
58 22 1390 592.12
58 23 1391 574.5200000000001
58 24 1392 558.63
59 1 1393 1113.01
59 2 1394 985.8399999999999
59 3 1395 724.91
59 4 1396 656.1400000000001
59 5 1397 663.56
59 6 1398 833.61
59 7 1399 1116.31
59 8 1400 1119.82
59 9 1401 1124.49
59 10 1402 1141.49
59 11 1403 1151.6799999999998
59 12 1404 878.0
59 13 1405 721.3399999999999
59 14 1406 723.31
59 15 1407 715.21
59 16 1408 710.72
59 17 1409 712.98
59 18 1410 728.8499999999999
59 19 1411 910.8900000000001
59 20 1412 1193.01
59 21 1413 1188.4599999999998
59 22 1414 1235.57
59 23 1415 1179.33
59 24 1416 967.4699999999999
60 1 1417 262.98
60 2 1418 265.01
60 3 1419 266.66
60 4 1420 269.53
60 5 1421 274.7
60 6 1422 283.98
60 7 1423 293.91
60 8 1424 301.86
60 9 1425 311.02
60 10 1426 324.91
60 11 1427 335.75
60 12 1428 341.92
60 13 1429 341.08
60 14 1430 336.58
60 15 1431 330.92
60 16 1432 329.57
60 17 1433 337.36
60 18 1434 357.66
60 19 1435 367.96
60 20 1436 366.34
60 21 1437 363.9
60 22 1438 354.75
60 23 1439 339.31
60 24 1440 324.23
61 1 1441 482.1
61 2 1442 484.98
61 3 1443 486.07
61 4 1444 489.53
61 5 1445 497.14
61 6 1446 514.35
61 7 1447 535.89
61 8 1448 544.99
61 9 1449 552.9
61 10 1450 561.65
61 11 1451 552.27
61 12 1452 534.99
61 13 1453 516.88
61 14 1454 508.14
61 15 1455 512.8000000000001
61 16 1456 525.24
61 17 1457 550.4300000000001
61 18 1458 593.86
61 19 1459 625.91
61 20 1460 630.32
61 21 1461 620.09
61 22 1462 605.88
61 23 1463 575.33
61 24 1464 550.87
62 1 1465 311.49
62 2 1466 309.65
62 3 1467 307.37
62 4 1468 306.65
62 5 1469 308.79
62 6 1470 313.63
62 7 1471 320.07
62 8 1472 321.19
62 9 1473 318.42
62 10 1474 316.71
62 11 1475 316.88
62 12 1476 315.36
62 13 1477 310.76
62 14 1478 306.91
62 15 1479 303.11
62 16 1480 302.58
62 17 1481 306.23
62 18 1482 322.94
62 19 1483 330.23
62 20 1484 328.22
62 21 1485 323.74
62 22 1486 316.86
62 23 1487 305.25
62 24 1488 291.96
63 1 1489 444.6
63 2 1490 448.03
63 3 1491 448.59999999999997
63 4 1492 449.93
63 5 1493 452.63
63 6 1494 462.77000000000004
63 7 1495 472.42999999999995
63 8 1496 476.92999999999995
63 9 1497 486.83000000000004
63 10 1498 508.53999999999996
63 11 1499 522.1
63 12 1500 511.2299999999999
63 13 1501 449.37
63 14 1502 477.77
63 15 1503 411.47
63 16 1504 410.87999999999994
63 17 1505 427.15000000000003
63 18 1506 466.00999999999993
63 19 1507 488.97
63 20 1508 489.34000000000003
63 21 1509 485.21000000000004
63 22 1510 482.15999999999997
63 23 1511 477.59999999999997
63 24 1512 468.78
64 1 1513 446.36
64 2 1514 449.02
64 3 1515 450.03
64 4 1516 453.24
64 5 1517 460.28
64 6 1518 476.22
64 7 1519 496.16
64 8 1520 504.59
64 9 1521 511.91
64 10 1522 523.05
64 11 1523 523.57
64 12 1524 514.39
64 13 1525 504.02
64 14 1526 500.56
64 15 1527 505.48
64 16 1528 514.77
64 17 1529 532.1
64 18 1530 564.98
64 19 1531 585.71
64 20 1532 583.59
64 21 1533 574.12
64 22 1534 560.96
64 23 1535 532.68
64 24 1536 510.03
65 1 1537 62.14
65 2 1538 63.62
65 3 1539 63.57
65 4 1540 62.92
65 5 1541 62.37
65 6 1542 62.73
65 7 1543 63.42
65 8 1544 62.73
65 9 1545 62.45
65 10 1546 62.49
65 11 1547 62.02
65 12 1548 61.68
65 13 1549 60.94
65 14 1550 59.93
65 15 1551 59.27
65 16 1552 59.08
65 17 1553 59.85
65 18 1554 62.6
65 19 1555 65.93
65 20 1556 66.41
65 21 1557 66.22
65 22 1558 65.57
65 23 1559 63.52
65 24 1560 60.79
66 1 1561 10.43
66 2 1562 3.0600000000000005
66 3 1563 3.5500000000000007
66 4 1564 3.219999999999999
66 5 1565 2.120000000000001
66 6 1566 0.2900000000000009
66 7 1567 -2.0199999999999996
66 8 1568 -4.830000000000002
66 9 1569 -8.690000000000001
66 10 1570 -13.559999999999999
66 11 1571 -41.67
66 12 1572 -85.45
66 13 1573 -41.8
66 14 1574 -85.73
66 15 1575 -42.0
66 16 1576 -15.74
66 17 1577 -15.54
66 18 1578 -15.09
66 19 1579 -14.65
66 20 1580 -11.250000000000002
66 21 1581 -1.7300000000000004
66 22 1582 4.59
66 23 1583 -0.9100000000000001
66 24 1584 6.6
67 1 1585 669.7
67 2 1586 665.76
67 3 1587 660.85
67 4 1588 659.3
67 5 1589 663.9
67 6 1590 674.3
67 7 1591 688.15
67 8 1592 690.57
67 9 1593 684.61
67 10 1594 680.94
67 11 1595 681.29
67 12 1596 678.02
67 13 1597 668.13
67 14 1598 659.86
67 15 1599 651.69
67 16 1600 650.54
67 17 1601 658.4
67 18 1602 694.33
67 19 1603 709.99
67 20 1604 705.68
67 21 1605 696.05
67 22 1606 681.24
67 23 1607 656.29
67 24 1608 627.71
68 1 1609 941.44
68 2 1610 935.91
68 3 1611 929.01
68 4 1612 926.83
68 5 1613 933.29
68 6 1614 947.91
68 7 1615 967.38
68 8 1616 970.78
68 9 1617 962.41
68 10 1618 951.66
68 11 1619 941.3399999999999
68 12 1620 928.73
68 13 1621 907.6800000000001
68 14 1622 891.46
68 15 1623 879.97
68 16 1624 881.8399999999999
68 17 1625 898.93
68 18 1626 958.9000000000001
68 19 1627 992.09
68 20 1628 992.02
68 21 1629 978.49
68 22 1630 957.67
68 23 1631 922.6
68 24 1632 882.42
69 1 1633 632.33
69 2 1634 628.61
69 3 1635 623.98
69 4 1636 622.52
69 5 1637 626.86
69 6 1638 636.68
69 7 1639 649.75
69 8 1640 652.04
69 9 1641 646.41
69 10 1642 642.95
69 11 1643 643.28
69 12 1644 640.19
69 13 1645 630.85
69 14 1646 623.05
69 15 1647 615.33
69 16 1648 614.25
69 17 1649 621.67
69 18 1650 655.59
69 19 1651 670.37
69 20 1652 666.3
69 21 1653 657.21
69 22 1654 643.23
69 23 1655 619.67
69 24 1656 592.69
70 1 1657 270.1599999999999
70 2 1658 235.54000000000002
70 3 1659 239.29000000000002
70 4 1660 233.57999999999998
70 5 1661 218.87000000000003
70 6 1662 216.94000000000005
70 7 1663 208.62
70 8 1664 226.98000000000002
70 9 1665 273.8
70 10 1666 232.12999999999997
70 11 1667 123.98999999999992
70 12 1668 81.03999999999999
70 13 1669 35.08
70 14 1670 -4.399999999999977
70 15 1671 -0.5900000000000318
70 16 1672 -37.53
70 17 1673 -21.02000000000001
70 18 1674 126.19999999999996
70 19 1675 171.22000000000006
70 20 1676 212.35
70 21 1677 147.43
70 22 1678 77.80000000000001
70 23 1679 142.32
70 24 1680 99.76999999999995
71 1 1681 129.28
71 2 1682 132.38
71 3 1683 132.26
71 4 1684 130.9
71 5 1685 129.76
71 6 1686 130.52
71 7 1687 131.95
71 8 1688 130.51
71 9 1689 129.94
71 10 1690 130.02
71 11 1691 129.04
71 12 1692 128.32
71 13 1693 126.8
71 14 1694 124.69
71 15 1695 123.32
71 16 1696 122.93
71 17 1697 124.53
71 18 1698 130.25
71 19 1699 137.17
71 20 1700 138.17
71 21 1701 137.78
71 22 1702 136.42
71 23 1703 132.15
71 24 1704 126.48
72 1 1705 185.17
72 2 1706 189.61
72 3 1707 189.45
72 4 1708 187.5
72 5 1709 185.86
72 6 1710 186.96
72 7 1711 189.01
72 8 1712 186.94
72 9 1713 186.12
72 10 1714 186.24
72 11 1715 184.84
72 12 1716 183.81
72 13 1717 181.62
72 14 1718 178.6
72 15 1719 176.65
72 16 1720 176.08
72 17 1721 178.38
72 18 1722 186.56
72 19 1723 196.47
72 20 1724 197.91
72 21 1725 197.35
72 22 1726 195.41
72 23 1727 189.29
72 24 1728 181.16
73 1 1729 250.43
73 2 1730 256.43
73 3 1731 256.21
73 4 1732 253.58
73 5 1733 251.36
73 6 1734 252.84
73 7 1735 255.61
73 8 1736 252.82
73 9 1737 251.71
73 10 1738 251.86
73 11 1739 249.97
73 12 1740 248.58
73 13 1741 245.63
73 14 1742 241.54
73 15 1743 238.9
73 16 1744 238.13
73 17 1745 241.23
73 18 1746 252.31
73 19 1747 265.71
73 20 1748 267.65
73 21 1749 266.89
73 22 1750 264.27
73 23 1751 255.99
73 24 1752 245.0
74 1 1753 -18.959999999999997
74 2 1754 -18.569999999999997
74 3 1755 -18.369999999999994
74 4 1756 -18.219999999999995
74 5 1757 -17.81
74 6 1758 -16.75
74 7 1759 -15.700000000000005
74 8 1760 -14.679999999999994
74 9 1761 -13.349999999999996
74 10 1762 -66.79
74 11 1763 -173.45
74 12 1764 -189.17
74 13 1765 -205.38
74 14 1766 -217.2
74 15 1767 -132.52
74 16 1768 -212.98000000000002
74 17 1769 -196.78
74 18 1770 -93.58
74 19 1771 -23.410000000000004
74 20 1772 -33.23
74 21 1773 1.530000000000007
74 22 1774 20.650000000000002
74 23 1775 31.1
74 24 1776 32.99
75 1 1777 -251.73
75 2 1778 -251.68
75 3 1779 -251.66
75 4 1780 -251.49
75 5 1781 -251.32
75 6 1782 -250.81
75 7 1783 -250.17000000000002
75 8 1784 -249.7
75 9 1785 -249.25
75 10 1786 -224.5
75 11 1787 -175.5
75 12 1788 -105.77000000000001
75 13 1789 -56.269999999999996
75 14 1790 -24.06
75 15 1791 -14.73
75 16 1792 -8.899999999999999
75 17 1793 -5.940000000000001
75 18 1794 1.740000000000002
75 19 1795 4.030000000000001
75 20 1796 1.379999999999999
75 21 1797 15.309999999999999
75 22 1798 13.030000000000001
75 23 1799 -8.849999999999998
75 24 1800 -29.1
76 1 1801 370.02
76 2 1802 372.87
76 3 1803 375.2
76 4 1804 379.23
76 5 1805 386.51
76 6 1806 399.57
76 7 1807 413.54
76 8 1808 424.73
76 9 1809 437.61
76 10 1810 456.47
76 11 1811 468.04
76 12 1812 474.3299999999999
76 13 1813 470.87
76 14 1814 460.74999999999994
76 15 1815 452.90000000000003
76 16 1816 452.24
76 17 1817 466.1
76 18 1818 497.74
76 19 1819 516.02
76 20 1820 515.44
76 21 1821 512.01
76 22 1822 499.13
76 23 1823 477.41
76 24 1824 456.2
77 1 1825 50.21
77 2 1826 -46.559999999999995
77 3 1827 -87.65
77 4 1828 -209.36
77 5 1829 -391.77
77 6 1830 -538.04
77 7 1831 -721.75
77 8 1832 -943.55
77 9 1833 -983.67
77 10 1834 -1039.67
77 11 1835 -1098.38
77 12 1836 -570.6899999999999
77 13 1837 -319.21999999999997
77 14 1838 -319.92999999999995
77 15 1839 -320.54999999999995
77 16 1840 -319.97999999999996
77 17 1841 -319.15999999999997
77 18 1842 -317.34
77 19 1843 -315.58
77 20 1844 -231.12
77 21 1845 -174.88
77 22 1846 -180.03
77 23 1847 -371.61
77 24 1848 -525.97
78 1 1849 120.34
78 2 1850 121.27
78 3 1851 122.03
78 4 1852 123.34
78 5 1853 125.7
78 6 1854 129.95
78 7 1855 134.5
78 8 1856 138.13
78 9 1857 142.33
78 10 1858 148.68
78 11 1859 153.64
78 12 1860 156.46
78 13 1861 156.08
78 14 1862 154.02
78 15 1863 151.43
78 16 1864 150.81
78 17 1865 154.38
78 18 1866 163.67
78 19 1867 168.38
78 20 1868 167.64
78 21 1869 166.52
78 22 1870 162.33
78 23 1871 155.27
78 24 1872 148.37
79 1 1873 110.35
79 2 1874 111.01
79 3 1875 111.26
79 4 1876 112.05
79 5 1877 113.79
79 6 1878 117.73
79 7 1879 122.66
79 8 1880 124.74
79 9 1881 126.56
79 10 1882 129.31
79 11 1883 129.44
79 12 1884 127.17
79 13 1885 124.61
79 14 1886 123.75
79 15 1887 124.97
79 16 1888 127.26
79 17 1889 131.55
79 18 1890 139.67
79 19 1891 144.8
79 20 1892 144.28
79 21 1893 141.93
79 22 1894 138.68
79 23 1895 131.69
79 24 1896 126.09
80 1 1897 57.5
80 2 1898 58.88
80 3 1899 58.83
80 4 1900 58.23
80 5 1901 57.72
80 6 1902 58.06
80 7 1903 58.69
80 8 1904 58.05
80 9 1905 57.8
80 10 1906 57.83
80 11 1907 57.4
80 12 1908 57.08
80 13 1909 56.4
80 14 1910 55.46
80 15 1911 54.86
80 16 1912 54.68
80 17 1913 55.39
80 18 1914 57.94
80 19 1915 61.01
80 20 1916 61.46
80 21 1917 61.28
80 22 1918 60.68
80 23 1919 58.78
80 24 1920 56.26
81 1 1921 450.57
81 2 1922 452.82
81 3 1923 452.46
81 4 1924 443.08
81 5 1925 466.74
81 6 1926 486.23
81 7 1927 504.27
81 8 1928 501.66
81 9 1929 512.77
81 10 1930 512.83
81 11 1931 503.16
81 12 1932 488.0
81 13 1933 470.24
81 14 1934 448.51
81 15 1935 446.95
81 16 1936 439.67
81 17 1937 457.73
81 18 1938 482.44
81 19 1939 515.92
81 20 1940 504.6
81 21 1941 508.38
81 22 1942 492.88
81 23 1943 482.56
81 24 1944 455.33
82 1 1945 500.71000000000004
82 2 1946 484.96999999999997
82 3 1947 497.11
82 4 1948 490.94999999999993
82 5 1949 448.79
82 6 1950 514.97
82 7 1951 534.23
82 8 1952 549.66
82 9 1953 567.43
82 10 1954 594.38
82 11 1955 562.74
82 12 1956 567.08
82 13 1957 541.75
82 14 1958 533.01
82 15 1959 522.04
82 16 1960 519.41
82 17 1961 534.54
82 18 1962 573.92
82 19 1963 593.9
82 20 1964 640.99
82 21 1965 625.78
82 22 1966 596.3199999999999
82 23 1967 553.56
82 24 1968 530.9
83 1 1969 873.1
83 2 1970 878.31
83 3 1971 880.29
83 4 1972 886.56
83 5 1973 900.33
83 6 1974 931.51
83 7 1975 970.51
83 8 1976 986.99
83 9 1977 1001.33
83 10 1978 1021.9
83 11 1979 1019.6300000000001
83 12 1980 999.27
83 13 1981 976.31
83 14 1982 967.51
83 15 1983 976.53
83 16 1984 995.55
83 17 1985 1031.6699999999998
83 18 1986 1099.0500000000002
83 19 1987 1143.03
83 20 1988 1141.54
83 21 1989 1123.0
83 22 1990 1097.27
83 23 1991 1041.95
83 24 1992 997.65
84 1 1993 864.39
84 2 1994 859.31
84 3 1995 852.97
84 4 1996 850.97
84 5 1997 856.91
84 6 1998 870.33
84 7 1999 888.2
84 8 2000 891.33
84 9 2001 883.64
84 10 2002 878.9
84 11 2003 879.36
84 12 2004 875.13
84 13 2005 862.36
84 14 2006 851.7
84 15 2007 841.15
84 16 2008 839.67
84 17 2009 849.81
84 18 2010 896.19
84 19 2011 916.39
84 20 2012 910.83
84 21 2013 898.4
84 22 2014 879.29
84 23 2015 847.09
84 24 2016 810.2
85 1 2017 73.06
85 2 2018 74.81
85 3 2019 74.74
85 4 2020 72.77000000000001
85 5 2021 70.53999999999999
85 6 2022 70.51
85 7 2023 70.82
85 8 2024 69.43
85 9 2025 67.69000000000001
85 10 2026 65.99000000000001
85 11 2027 63.32
85 12 2028 59.769999999999996
85 13 2029 55.03999999999999
85 14 2030 49.129999999999995
85 15 2031 48.94
85 16 2032 49.26
85 17 2033 50.760000000000005
85 18 2034 54.11
85 19 2035 57.84
85 20 2036 58.14
85 21 2037 57.25
85 22 2038 55.72
85 23 2039 52.41000000000001
85 24 2040 42.45
86 1 2041 970.75
86 2 2042 965.04
86 3 2043 957.92
86 4 2044 955.68
86 5 2045 962.34
86 6 2046 977.41
86 7 2047 997.49
86 8 2048 1001.0
86 9 2049 992.36
86 10 2050 985.6899999999999
86 11 2051 983.68
86 12 2052 977.0799999999999
86 13 2053 961.25
86 14 2054 948.36
86 15 2055 936.4
86 16 2056 935.58
86 17 2057 948.39
86 18 2058 1002.59
86 19 2059 1027.8500000000001
86 20 2060 1022.9
86 21 2061 1008.94
86 22 2062 987.48
86 23 2063 951.31
86 24 2064 909.88
87 1 2065 1.67
87 2 2066 1.69
87 3 2067 1.7
87 4 2068 1.72
87 5 2069 1.75
87 6 2070 1.81
87 7 2071 1.87
87 8 2072 1.92
87 9 2073 1.98
87 10 2074 1.8299999999999998
87 11 2075 -0.08000000000000007
87 12 2076 -1.4499999999999997
87 13 2077 -2.8100000000000005
87 14 2078 -4.48
87 15 2079 -4.540000000000001
87 16 2080 -4.09
87 17 2081 -2.5800000000000005
87 18 2082 -0.8900000000000001
87 19 2083 1.0799999999999998
87 20 2084 2.33
87 21 2085 2.32
87 22 2086 2.26
87 23 2087 2.16
87 24 2088 2.06
88 1 2089 88.99
88 2 2090 89.53
88 3 2091 89.73
88 4 2092 90.37
88 5 2093 91.77
88 6 2094 94.95
88 7 2095 98.92
88 8 2096 100.6
88 9 2097 102.07
88 10 2098 104.29
88 11 2099 104.39
88 12 2100 102.56
88 13 2101 100.49
88 14 2102 99.8
88 15 2103 100.78
88 16 2104 102.64
88 17 2105 106.09
88 18 2106 112.65
88 19 2107 116.78
88 20 2108 116.36
88 21 2109 114.47
88 22 2110 111.84
88 23 2111 106.21
88 24 2112 101.69
89 1 2113 1298.37
89 2 2114 1290.73
89 3 2115 1281.22
89 4 2116 1278.22
89 5 2117 1287.13
89 6 2118 1307.29
89 7 2119 1334.14
89 8 2120 1338.84
89 9 2121 1327.28
89 10 2122 1320.16
89 11 2123 1320.85
89 12 2124 1314.51
89 13 2125 1295.32
89 14 2126 1279.31
89 15 2127 1263.47
89 16 2128 1261.23
89 17 2129 1276.47
89 18 2130 1346.13
89 19 2131 1376.48
89 20 2132 1368.12
89 21 2133 1349.46
89 22 2134 1320.75
89 23 2135 1272.38
89 24 2136 1216.97
90 1 2137 263.14
90 2 2138 261.59
90 3 2139 259.66
90 4 2140 259.05
90 5 2141 260.86
90 6 2142 264.94
90 7 2143 270.38
90 8 2144 271.34
90 9 2145 269.0
90 10 2146 263.91
90 11 2147 256.73
90 12 2148 250.16000000000003
90 13 2149 241.18
90 14 2150 234.30999999999997
90 15 2151 231.16
90 16 2152 233.09
90 17 2153 240.33
90 18 2154 260.8
90 19 2155 274.56000000000006
90 20 2156 277.27
90 21 2157 273.49
90 22 2158 267.67
90 23 2159 257.87
90 24 2160 246.64
91 1 2161 338.38
91 2 2162 340.4
91 3 2163 341.17
91 4 2164 343.6
91 5 2165 348.94
91 6 2166 361.02
91 7 2167 376.14
91 8 2168 382.52
91 9 2169 388.08
91 10 2170 379.8399999999999
91 11 2171 342.25000000000006
91 12 2172 308.05999999999995
91 13 2173 275.71999999999997
91 14 2174 254.3200000000001
91 15 2175 253.50000000000003
91 16 2176 270.15000000000003
91 17 2177 306.38999999999993
91 18 2178 364.2300000000001
91 19 2179 417.62
91 20 2180 442.42
91 21 2181 435.24
91 22 2182 425.26
91 23 2183 403.82
91 24 2184 386.65
92 1 2185 81.99
92 2 2186 81.5
92 3 2187 80.9
92 4 2188 80.71
92 5 2189 81.28
92 6 2190 82.55
92 7 2191 84.25
92 8 2192 84.54
92 9 2193 83.81
92 10 2194 83.36
92 11 2195 83.41
92 12 2196 83.01
92 13 2197 81.79
92 14 2198 80.78
92 15 2199 79.78
92 16 2200 79.64
92 17 2201 80.6
92 18 2202 85.0
92 19 2203 86.92
92 20 2204 86.39
92 21 2205 85.21
92 22 2206 83.4
92 23 2207 80.35
92 24 2208 76.85
93 1 2209 -620.04
93 2 2210 -619.52
93 3 2211 -619.09
93 4 2212 -618.35
93 5 2213 -617.03
93 6 2214 -614.64
93 7 2215 -612.09
93 8 2216 -610.05
93 9 2217 -308.40999999999997
93 10 2218 -122.81
93 11 2219 -120.02
93 12 2220 -118.44
93 13 2221 -118.65
93 14 2222 -119.81
93 15 2223 -121.26
93 16 2224 -121.61
93 17 2225 -119.61
93 18 2226 -294.32
93 19 2227 -574.77
93 20 2228 -363.88999999999993
93 21 2229 -259.12
93 22 2230 -180.6
93 23 2231 -126.36000000000001
93 24 2232 -106.07000000000001
94 1 2233 -1517.59
94 2 2234 -1516.56
94 3 2235 -1516.06
94 4 2236 -1515.67
94 5 2237 -1514.59
94 6 2238 -1511.82
94 7 2239 -1509.08
94 8 2240 -1506.4099999999999
94 9 2241 -959.44
94 10 2242 -1452.72
94 11 2243 -907.1300000000001
94 12 2244 -364.06
94 13 2245 -364.93
94 14 2246 -366.41
94 15 2247 -367.71000000000004
94 16 2248 -366.51
94 17 2249 -364.79
94 18 2250 -360.99
94 19 2251 -357.3
94 20 2252 -357.16
94 21 2253 -611.5799999999999
94 22 2254 -688.53
94 23 2255 -372.11
94 24 2256 -338.03000000000003
95 1 2257 90.6
95 2 2258 90.07
95 3 2259 89.41
95 4 2260 89.2
95 5 2261 89.82
95 6 2262 91.22
95 7 2263 93.1
95 8 2264 93.43
95 9 2265 92.62
95 10 2266 92.12
95 11 2267 92.17
95 12 2268 91.73
95 13 2269 90.39
95 14 2270 89.27
95 15 2271 88.17
95 16 2272 88.01
95 17 2273 89.07
95 18 2274 93.94
95 19 2275 96.05
95 20 2276 95.47
95 21 2277 94.17
95 22 2278 92.16
95 23 2279 88.79
95 24 2280 84.92
96 1 2281 517.56
96 2 2282 514.51
96 3 2283 510.72
96 4 2284 509.52
96 5 2285 513.08
96 6 2286 521.11
96 7 2287 531.82
96 8 2288 533.69
96 9 2289 529.08
96 10 2290 526.24
96 11 2291 526.52
96 12 2292 523.99
96 13 2293 516.34
96 14 2294 509.96
96 15 2295 503.64
96 16 2296 502.75
96 17 2297 508.83
96 18 2298 536.6
96 19 2299 548.69
96 20 2300 545.36
96 21 2301 537.92
96 22 2302 526.48
96 23 2303 507.2
96 24 2304 485.11
97 1 2305 311.78
97 2 2306 314.18
97 3 2307 316.15
97 4 2308 319.54
97 5 2309 325.67
97 6 2310 336.68
97 7 2311 348.45
97 8 2312 357.88
97 9 2313 368.74
97 10 2314 385.2
97 11 2315 398.05
97 12 2316 405.36
97 13 2317 404.38
97 14 2318 399.03
97 15 2319 392.33
97 16 2320 390.72
97 17 2321 399.96
97 18 2322 424.03
97 19 2323 436.24
97 20 2324 434.31
97 21 2325 431.42
97 22 2326 420.57
97 23 2327 402.27
97 24 2328 384.4
98 1 2329 357.96
98 2 2330 359.75
98 3 2331 359.47
98 4 2332 352.01
98 5 2333 370.81
98 6 2334 386.29
98 7 2335 400.63
98 8 2336 398.55
98 9 2337 407.38
98 10 2338 407.43
98 11 2339 399.74
98 12 2340 387.7
98 13 2341 373.59
98 14 2342 356.32
98 15 2343 355.08
98 16 2344 349.3
98 17 2345 363.65
98 18 2346 383.28
98 19 2347 409.88
98 20 2348 400.88
98 21 2349 403.89
98 22 2350 391.57
98 23 2351 383.38
98 24 2352 361.74
99 1 2353 233.98
99 2 2354 235.78
99 3 2355 237.26
99 4 2356 239.81
99 5 2357 244.41
99 6 2358 252.67
99 7 2359 261.5
99 8 2360 268.58
99 9 2361 276.73
99 10 2362 289.08
99 11 2363 298.72
99 12 2364 304.21
99 13 2365 303.47
99 14 2366 299.46
99 15 2367 294.43
99 16 2368 293.23
99 17 2369 300.16
99 18 2370 318.22
99 19 2371 327.39
99 20 2372 325.94
99 21 2373 323.77
99 22 2374 315.63
99 23 2375 301.89
99 24 2376 288.48
100 1 2377 572.9
100 2 2378 569.54
100 3 2379 565.34
100 4 2380 564.01
100 5 2381 567.94
100 6 2382 576.84
100 7 2383 588.69
100 8 2384 590.76
100 9 2385 585.66
100 10 2386 581.0699999999999
100 11 2387 578.63
100 12 2388 573.8399999999999
100 13 2389 563.5999999999999
100 14 2390 555.54
100 15 2391 548.5
100 16 2392 548.48
100 17 2393 556.82
100 18 2394 589.85
100 19 2395 606.01
100 20 2396 603.68
100 21 2397 595.45
100 22 2398 582.78
100 23 2399 561.44
100 24 2400 536.99
101 1 2401 466.65
101 2 2402 470.25
101 3 2403 473.19
101 4 2404 478.27
101 5 2405 487.45
101 6 2406 503.92
101 7 2407 521.54
101 8 2408 535.65
101 9 2409 551.9
101 10 2410 576.28
101 11 2411 594.24
101 12 2412 604.33
101 13 2413 602.02
101 14 2414 592.9300000000001
101 15 2415 582.84
101 16 2416 580.8699999999999
101 17 2417 595.62
101 18 2418 632.7099999999999
101 19 2419 652.3000000000001
101 20 2420 650.05
101 21 2421 645.72
101 22 2422 629.49
101 23 2423 602.09
101 24 2424 575.34
102 1 2425 327.25
102 2 2426 329.77
102 3 2427 331.83
102 4 2428 335.4
102 5 2429 341.83
102 6 2430 353.38
102 7 2431 365.74
102 8 2432 375.63
102 9 2433 387.03
102 10 2434 404.31
102 11 2435 417.79
102 12 2436 425.47
102 13 2437 424.44
102 14 2438 418.83
102 15 2439 411.79
102 16 2440 410.11
102 17 2441 419.81
102 18 2442 445.07
102 19 2443 457.88
102 20 2444 455.86
102 21 2445 452.82
102 22 2446 441.44
102 23 2447 422.23
102 24 2448 403.47
103 1 2449 111.28
103 2 2450 113.95
103 3 2451 113.85
103 4 2452 112.69
103 5 2453 111.7
103 6 2454 112.36
103 7 2455 113.59
103 8 2456 112.35
103 9 2457 111.85
103 10 2458 111.92
103 11 2459 111.08
103 12 2460 110.46
103 13 2461 109.15
103 14 2462 107.33
103 15 2463 106.16
103 16 2464 105.82
103 17 2465 107.2
103 18 2466 112.12
103 19 2467 118.07
103 20 2468 118.94
103 21 2469 118.6
103 22 2470 117.44
103 23 2471 113.76
103 24 2472 108.87
104 1 2473 1063.46
104 2 2474 1071.66
104 3 2475 1078.36
104 4 2476 1089.95
104 5 2477 1110.86
104 6 2478 1148.39
104 7 2479 1188.55
104 8 2480 1220.71
104 9 2481 1257.74
104 10 2482 1313.91
104 11 2483 1357.71
104 12 2484 1382.67
104 13 2485 1379.31
104 14 2486 1361.07
104 15 2487 1338.21
104 16 2488 1332.74
104 17 2489 1364.26
104 18 2490 1446.35
104 19 2491 1487.99
104 20 2492 1481.42
104 21 2493 1471.55
104 22 2494 1434.56
104 23 2495 1372.13
104 24 2496 1311.16
105 1 2497 317.14
105 2 2498 315.27
105 3 2499 312.95
105 4 2500 312.21
105 5 2501 314.39
105 6 2502 319.32
105 7 2503 325.87
105 8 2504 327.02
105 9 2505 324.2
105 10 2506 322.46
105 11 2507 322.63
105 12 2508 321.08
105 13 2509 316.39
105 14 2510 312.48
105 15 2511 308.61
105 16 2512 308.07
105 17 2513 311.79
105 18 2514 328.8
105 19 2515 336.22
105 20 2516 334.17
105 21 2517 329.62
105 22 2518 322.6
105 23 2519 310.79
105 24 2520 297.25
106 1 2521 742.51
106 2 2522 738.15
106 3 2523 732.71
106 4 2524 730.99
106 5 2525 736.09
106 6 2526 747.61
106 7 2527 762.97
106 8 2528 765.66
106 9 2529 759.05
106 10 2530 754.57
106 11 2531 754.15
106 12 2532 749.94
106 13 2533 738.47
106 14 2534 728.91
106 15 2535 719.8599999999999
106 16 2536 718.8299999999999
106 17 2537 727.95
106 18 2538 768.5200000000001
106 19 2539 786.75
106 20 2540 782.4
106 21 2541 771.73
106 22 2542 755.31
106 23 2543 727.65
106 24 2544 695.96
107 1 2545 67.69
107 2 2546 68.21
107 3 2547 68.64
107 4 2548 69.38
107 5 2549 70.71
107 6 2550 73.1
107 7 2551 75.65
107 8 2552 77.7
107 9 2553 80.06
107 10 2554 83.63
107 11 2555 86.42
107 12 2556 88.01
107 13 2557 87.8
107 14 2558 86.64
107 15 2559 85.18
107 16 2560 84.83
107 17 2561 86.84
107 18 2562 92.06
107 19 2563 94.71
107 20 2564 94.3
107 21 2565 93.67
107 22 2566 91.31
107 23 2567 87.34
107 24 2568 83.46
108 1 2569 540.76
108 2 2570 543.99
108 3 2571 545.22
108 4 2572 549.1
108 5 2573 557.63
108 6 2574 576.94
108 7 2575 601.1
108 8 2576 611.31
108 9 2577 620.19
108 10 2578 632.55
108 11 2579 630.17
108 12 2580 616.8599999999999
108 13 2581 602.14
108 14 2582 596.5899999999999
108 15 2583 602.27
108 16 2584 614.2099999999999
108 17 2585 637.0
108 18 2586 679.4
108 19 2587 707.57
108 20 2588 707.03
108 21 2589 695.54
108 22 2590 679.6
108 23 2591 645.34
108 24 2592 617.9
109 1 2593 634.87
109 2 2594 639.77
109 3 2595 643.77
109 4 2596 650.68
109 5 2597 663.17
109 6 2598 685.57
109 7 2599 709.55
109 8 2600 728.74
109 9 2601 750.85
109 10 2602 784.38
109 11 2603 810.54
109 12 2604 825.43
109 13 2605 823.42
109 14 2606 812.54
109 15 2607 798.89
109 16 2608 795.62
109 17 2609 814.44
109 18 2610 863.45
109 19 2611 888.31
109 20 2612 884.38
109 21 2613 878.5
109 22 2614 856.41
109 23 2615 819.14
109 24 2616 782.74
110 1 2617 95.6
110 2 2618 96.08
110 3 2619 96.0
110 4 2620 94.01
110 5 2621 99.03
110 6 2622 103.17
110 7 2623 106.99
110 8 2624 106.44
110 9 2625 108.8
110 10 2626 108.81
110 11 2627 106.76
110 12 2628 103.54
110 13 2629 99.77
110 14 2630 95.16
110 15 2631 94.83
110 16 2632 93.29
110 17 2633 97.12
110 18 2634 102.36
110 19 2635 109.47
110 20 2636 107.06
110 21 2637 107.87
110 22 2638 104.58
110 23 2639 102.39
110 24 2640 96.61
111 1 2641 62.9
111 2 2642 62.53
111 3 2643 62.07
111 4 2644 61.93
111 5 2645 62.36
111 6 2646 63.34
111 7 2647 64.64
111 8 2648 64.87
111 9 2649 64.31
111 10 2650 63.96
111 11 2651 63.99
111 12 2652 63.69
111 13 2653 62.76
111 14 2654 61.98
111 15 2655 61.21
111 16 2656 61.11
111 17 2657 61.84
111 18 2658 65.22
111 19 2659 66.69
111 20 2660 66.28
111 21 2661 65.38
111 22 2662 63.99
111 23 2663 61.65
111 24 2664 58.96
112 1 2665 606.31
112 2 2666 620.84
112 3 2667 620.31
112 4 2668 613.94
112 5 2669 608.55
112 6 2670 612.15
112 7 2671 618.85
112 8 2672 612.1
112 9 2673 609.41
112 10 2674 609.79
112 11 2675 605.2
112 12 2676 601.83
112 13 2677 594.68
112 14 2678 584.78
112 15 2679 578.39
112 16 2680 576.54
112 17 2681 584.05
112 18 2682 610.86
112 19 2683 643.3
112 20 2684 648.0
112 21 2685 646.17
112 22 2686 639.83
112 23 2687 619.77
112 24 2688 593.17
113 1 2689 180.24
113 2 2690 184.56
113 3 2691 184.4
113 4 2692 182.51
113 5 2693 173.70999999999998
113 6 2694 170.95999999999998
113 7 2695 165.02
113 8 2696 149.11
113 9 2697 129.86999999999998
113 10 2698 89.26000000000002
113 11 2699 16.060000000000002
113 12 2700 16.200000000000003
113 13 2701 13.170000000000002
113 14 2702 6.609999999999999
113 15 2703 18.049999999999997
113 16 2704 28.389999999999986
113 17 2705 38.57000000000001
113 18 2706 60.39999999999999
113 19 2707 74.35
113 20 2708 70.91
113 21 2709 -95.89999999999999
113 22 2710 -447.67
113 23 2711 -575.76
113 24 2712 -414.40999999999997
114 1 2713 1243.95
114 2 2714 1253.54
114 3 2715 1261.38
114 4 2716 1274.93
114 5 2717 1299.39
114 6 2718 1343.29
114 7 2719 1390.26
114 8 2720 1427.88
114 9 2721 1471.2
114 10 2722 1536.9
114 11 2723 1588.14
114 12 2724 1617.33
114 13 2725 1613.39
114 14 2726 1592.07
114 15 2727 1565.33
114 16 2728 1558.92
114 17 2729 1595.8
114 18 2730 1691.81
114 19 2731 1740.53
114 20 2732 1732.84
114 21 2733 1721.3
114 22 2734 1678.02
114 23 2735 1605.0
114 24 2736 1533.68
115 1 2737 161.81
115 2 2738 163.05
115 3 2739 164.07
115 4 2740 165.83
115 5 2741 169.02
115 6 2742 174.73
115 7 2743 180.84
115 8 2744 185.73
115 9 2745 191.36
115 10 2746 199.91
115 11 2747 206.57
115 12 2748 210.37
115 13 2749 209.86
115 14 2750 207.09
115 15 2751 203.61
115 16 2752 202.77
115 17 2753 207.57
115 18 2754 220.06
115 19 2755 226.4
115 20 2756 225.4
115 21 2757 223.9
115 22 2758 218.27
115 23 2759 208.77
115 24 2760 199.49
116 1 2761 741.73
116 2 2762 737.37
116 3 2763 731.93
116 4 2764 730.22
116 5 2765 735.31
116 6 2766 746.82
116 7 2767 762.16
116 8 2768 764.85
116 9 2769 758.25
116 10 2770 754.18
116 11 2771 754.57
116 12 2772 750.95
116 13 2773 739.99
116 14 2774 730.84
116 15 2775 721.79
116 16 2776 720.51
116 17 2777 729.22
116 18 2778 769.01
116 19 2779 786.35
116 20 2780 781.58
116 21 2781 770.92
116 22 2782 754.52
116 23 2783 726.88
116 24 2784 695.23
117 1 2785 777.7
117 2 2786 783.69
117 3 2787 788.59
117 4 2788 797.07
117 5 2789 812.36
117 6 2790 839.81
117 7 2791 869.17
117 8 2792 892.69
117 9 2793 919.77
117 10 2794 960.85
117 11 2795 992.88
117 12 2796 1011.13
117 13 2797 1008.67
117 14 2798 995.34
117 15 2799 978.62
117 16 2800 974.61
117 17 2801 997.67
117 18 2802 1057.7
117 19 2803 1088.15
117 20 2804 1083.35
117 21 2805 1076.13
117 22 2806 1049.07
117 23 2807 1003.42
117 24 2808 958.84
118 1 2809 338.13
118 2 2810 349.66
118 3 2811 356.06
118 4 2812 352.41
118 5 2813 340.55
118 6 2814 339.36
118 7 2815 338.22
118 8 2816 327.40000000000003
118 9 2817 324.06
118 10 2818 320.15999999999997
118 11 2819 310.46
118 12 2820 303.4
118 13 2821 292.01
118 14 2822 276.61
118 15 2823 275.43
118 16 2824 276.40999999999997
118 17 2825 282.21
118 18 2826 302.21
118 19 2827 313.96999999999997
118 20 2828 297.15
118 21 2829 299.56000000000006
118 22 2830 292.52
118 23 2831 179.88
118 24 2832 238.41000000000003
119 1 2833 -1155.38
119 2 2834 -1155.08
119 3 2835 -1154.9299999999998
119 4 2836 -1154.81
119 5 2837 -1154.49
119 6 2838 -1153.67
119 7 2839 -1152.85
119 8 2840 -1152.06
119 9 2841 -837.0
119 10 2842 -319.63
119 11 2843 -319.53
119 12 2844 -319.46
119 13 2845 -319.71999999999997
119 14 2846 -320.15999999999997
119 15 2847 -320.55
119 16 2848 -320.19
119 17 2849 -319.68
119 18 2850 -318.55
119 19 2851 -317.45
119 20 2852 -317.40999999999997
119 21 2853 -409.7
119 22 2854 -507.49
119 23 2855 -330.73
119 24 2856 -291.45000000000005
120 1 2857 -2442.13
120 2 2858 -2441.8
120 3 2859 -2441.62
120 4 2860 -2440.5699999999997
120 5 2861 -2439.41
120 6 2862 -2436.05
120 7 2863 -2431.81
120 8 2864 -2428.7200000000003
120 9 2865 -2425.7
120 10 2866 -2427.22
120 11 2867 -1351.28
120 12 2868 -2368.0299999999997
120 13 2869 -2540.1299999999997
120 14 2870 -1460.38
120 15 2871 -2102.3399999999997
120 16 2872 -2123.57
120 17 2873 -1683.22
120 18 2874 -2407.51
120 19 2875 -1998.74
120 20 2876 -1689.17
120 21 2877 -1009.1800000000001
120 22 2878 -563.38
120 23 2879 -300.65999999999997
120 24 2880 -203.70999999999998
121 1 2881 8.7
121 2 2882 8.73
121 3 2883 8.74
121 4 2884 8.82
121 5 2885 8.92
121 6 2886 9.19
121 7 2887 9.53
121 8 2888 9.78
121 9 2889 10.03
121 10 2890 10.3
121 11 2891 10.44
121 12 2892 10.44
121 13 2893 10.28
121 14 2894 10.17
121 15 2895 10.09
121 16 2896 10.13
121 17 2897 10.3
121 18 2898 10.89
121 19 2899 11.15
121 20 2900 11.08
121 21 2901 11.03
121 22 2902 10.83
121 23 2903 10.43
121 24 2904 10.14
122 1 2905 12.51
122 2 2906 12.54
122 3 2907 12.56
122 4 2908 12.69
122 5 2909 12.82
122 6 2910 13.21
122 7 2911 13.7
122 8 2912 14.06
122 9 2913 14.41
122 10 2914 14.81
122 11 2915 15.0
122 12 2916 15.01
122 13 2917 14.78
122 14 2918 14.62
122 15 2919 14.51
122 16 2920 14.56
122 17 2921 14.81
122 18 2922 15.65
122 19 2923 16.02
122 20 2924 15.93
122 21 2925 15.85
122 22 2926 15.57
122 23 2927 15.0
122 24 2928 14.58
123 1 2929 3.1
123 2 2930 3.11
123 3 2931 3.11
123 4 2932 3.04
123 5 2933 3.21
123 6 2934 3.34
123 7 2935 3.47
123 8 2936 3.45
123 9 2937 3.52
123 10 2938 3.52
123 11 2939 3.46
123 12 2940 3.35
123 13 2941 3.23
123 14 2942 3.08
123 15 2943 3.07
123 16 2944 3.02
123 17 2945 3.15
123 18 2946 3.32
123 19 2947 3.55
123 20 2948 3.47
123 21 2949 3.49
123 22 2950 3.39
123 23 2951 3.32
123 24 2952 3.13
;
