587 499 526 542 431 438 597 639 694 1026 1246 1124 1079 1093 1021 1001 1301 1093 1065 934 1359 1417 1519 1608 
-50 39 -60 -87 124 67 -69 -115 -326 -528 -720 -615 -592 -631 -562 -550 -829 -761 -694 -576 -997 -1106 -1188 -1309 
-450 -452 -379 -370 -466 -413 -431 -428 -269 -400 -430 -415 -397 -375 -373 -366 -384 -239 -272 -261 -265 -249 -239 -212 
-570 -741 -740 -740 -739 -737 -735 -733 -732 -718 -694 -585 -498 -435 -423 -413 -408 -376 -358 -351 -315 -317 -341 -362 
258 335 335 335 335 334 333 332 331 325 314 265 225 197 191 187 184 170 162 159 142 143 154 164 
-251 -251 -251 -251 -251 -250 -250 -249 -249 -224 -175 -105 -56 -24 -14 -8 -5 1 4 1 15 13 -8 -29 
-144 -144 -145 -146 -147 -148 -149 -150 -150 -151 -147 -142 -137 -135 -133 -134 -137 -144 -151 -158 -157 -156 -154 -153 
218 216 214 213 216 220 227 228 225 224 224 222 218 214 210 209 135 152 159 157 231 146 134 121 
410 407 403 402 406 413 424 426 421 418 419 416 409 403 396 396 323 350 362 359 430 341 322 300 
338 349 356 352 340 339 338 327 324 320 310 303 292 276 275 276 282 302 313 297 299 292 179 238 
-93 -61 -67 -94 -101 -99 -78 -83 -16 -25 -41 -97 -126 -149 -148 -141 -77 -41 27 119 158 185 148 164 
460 440 452 475 470 467 445 439 368 374 380 429 446 453 451 444 387 372 316 207 171 136 60 101 
388 390 387 387 399 382 377 374 571 507 374 368 374 378 380 381 379 840 837 830 837 846 859 667 
-484 -487 -483 -483 -498 -477 -470 -466 -712 -632 -466 -459 -466 -472 -474 -476 -473 -1048 -1044 -1035 -1044 -1055 -1072 -832 
-587 -617 -610 -627 -633 -606 -596 -582 -851 -731 -531 -585 -602 -581 -602 -597 -567 -1249 -1203 -1124 -1095 -1096 -1092 -797 
-192 -202 -200 -205 -207 -199 -195 -191 -279 -240 -174 -192 -197 -190 -197 -196 -186 -409 -395 -369 -359 -359 -358 -261 
-353 -389 -375 -398 -386 -410 -429 -434 -332 -347 -380 -425 -435 -379 -395 -382 -354 -198 -195 -145 -69 -21 28 -28 
-220 -202 -212 -223 -204 -248 -290 -298 -278 -315 -421 -418 -430 -446 -421 -403 -418 -296 -221 -181 -208 -196 -129 -169 
-220 -202 -212 -223 -204 -248 -290 -298 -278 -315 -421 -418 -430 -446 -421 -403 -418 -296 -221 -181 -208 -196 -129 -169 
283 225 250 260 234 312 386 406 382 470 703 653 665 744 671 645 708 462 343 305 417 425 324 413 
-344 -327 -331 -347 -298 -351 -389 -383 -347 -353 -481 -485 -510 -541 -514 -486 -464 -313 -213 -95 -165 -106 -28 -62 
-259 -247 -250 -262 -225 -265 -294 -289 -262 -266 -363 -366 -385 -408 -388 -367 -350 -236 -161 -72 -124 -80 -21 -46 
-259 -247 -250 -262 -225 -265 -294 -289 -262 -266 -363 -366 -385 -408 -388 -367 -350 -236 -161 -72 -124 -80 -21 -46 
-352 -335 -339 -356 -305 -360 -399 -392 -355 -362 -493 -497 -523 -554 -526 -498 -475 -321 -219 -98 -169 -109 -28 -63 
-352 -335 -339 -356 -305 -360 -399 -392 -355 -362 -493 -497 -523 -554 -526 -498 -475 -321 -219 -98 -169 -109 -28 -63 
-291 -276 -279 -293 -252 -297 -329 -323 -293 -298 -406 -410 -431 -457 -434 -411 -392 -265 -180 -80 -139 -90 -23 -52 
809 908 841 881 720 712 637 534 439 120 -95 67 145 72 165 121 -197 -119 -149 -530 -523 -877 -927 -1062 
-13 -286 -686 -751 -751 -731 -718 -700 -688 -687 -696 -654 -545 -456 -422 -467 -638 -681 -678 -672 -704 -741 -757 -784 
-172 -155 45 -20 -22 -9 -3 12 21 20 15 65 181 274 307 257 77 18 9 12 -16 -49 -55 -73 
-233 -235 -237 -239 -244 -252 -261 -268 -276 -289 504 -304 -303 -299 -294 -293 -300 484 475 -325 479 487 501 514 
95 96 96 94 99 103 106 106 108 108 106 103 99 95 94 93 97 102 109 107 107 104 102 96 
-165 -186 -170 -117 -184 -188 -186 -149 -169 -165 390 -19 -149 -62 -142 -182 -51 207 78 -590 21 -16 64 180 
-315 -323 -329 -377 -361 -363 -342 -364 -340 -277 -216 -385 -272 -315 -264 -236 -305 -101 -11 21 92 149 113 69 
-33 -6 -17 -18 12 -2 -45 -65 -84 -163 18 -202 -173 -200 -164 -146 -226 79 88 -69 49 48 23 -17 
-393 -419 -411 -431 -417 -428 -440 -435 -467 -432 -397 -443 -461 -425 -442 -427 -395 -514 -497 -440 -384 -364 -322 -250 
48 51 50 52 51 52 53 53 57 52 48 54 56 52 54 52 48 62 60 53 46 44 39 30 
-248 -255 -252 -256 -260 -251 -249 -246 -355 -314 -237 -245 -250 -247 -251 -250 -243 -508 -501 -485 -480 -482 -483 -369 
231 246 241 253 245 251 259 255 274 254 233 260 271 249 259 251 232 302 292 258 225 213 189 147 
-63 -20 -43 -14 -54 -79 -97 -140 -10 -163 -340 -277 -237 -286 -232 -253 -344 47 -26 -134 -226 -224 -235 -416 
28 41 36 45 36 41 45 41 31 18 8 28 36 15 26 20 1 2 -18 -40 -68 -83 -101 -111 
-58 -85 -75 -93 -74 -85 -93 -85 -64 -37 -17 -59 -76 -32 -55 -41 -3 -5 38 83 139 172 207 229 
128 169 153 182 154 171 185 174 144 107 79 141 166 101 134 113 57 65 0 -66 -150 -200 -255 -290 
76 91 90 72 78 66 54 42 27 10 2 110 171 150 205 171 88 89 10 -60 -158 -175 -176 -185 
-425 -442 -444 -428 -436 -426 -416 -406 -392 -380 -375 -483 -546 -525 -578 -543 -460 -465 -392 -323 -224 -204 -199 -186 
508 557 530 573 499 500 499 447 465 321 211 291 347 273 338 300 182 315 358 210 -131 66 10 -73 
-221 -177 -208 -174 -261 -287 -315 -390 -396 -578 -713 -647 -586 -643 -562 -598 -742 -668 -659 -805 -722 -917 -930 -972 
-138 -156 -155 -135 -142 -128 -114 -101 -84 -65 -56 -181 -251 -227 -290 -251 -156 -157 -67 14 126 146 148 159 
-167 -203 -204 -169 -184 -161 -138 -127 -143 -131 185 185 284 487 399 376 332 60 -60 -156 -48 -73 -95 -68 
240 240 240 240 240 240 240 227 181 142 199 236 274 300 312 290 245 164 77 4 -6 -5 4 9 
1173 1513 1744 1890 1902 1888 1866 1856 1803 1730 1750 1697 1497 1323 1283 1349 1576 1656 1613 1504 1524 1533 1543 1607 
24 91 -77 4 17 24 16 26 -13 -87 -84 -102 -200 -289 -296 -272 -210 -163 -193 -290 -303 -333 -341 -305 
-167 -168 -168 -169 -172 -178 -185 -188 -191 -191 -180 -168 -157 -150 -150 -157 -170 -192 -211 -218 -214 -209 -199 -190 
615 456 467 557 528 510 424 392 174 -62 -99 135 185 248 216 192 -104 -112 -301 -734 -844 -1013 -1127 -963 
399 588 571 513 485 474 500 455 375 452 318 368 272 163 196 232 285 382 484 338 391 573 476 476 
-916 -944 -937 -971 -922 -890 -831 -760 -475 -338 -209 -490 -442 -396 -391 -400 -164 -333 -278 301 384 373 452 358 
62 -191 -187 -255 -245 -240 -182 -177 -80 67 29 -129 -284 -421 -408 -361 -72 -25 146 341 400 508 541 486 
250 256 256 253 251 252 255 252 251 251 249 248 245 241 238 238 241 252 265 267 266 264 255 245 
104 354 361 426 413 409 355 347 240 84 90 158 37 -140 -95 -94 -117 -117 -173 -388 -440 -547 -589 -522 
432 474 456 498 439 469 495 468 441 370 349 427 474 404 445 407 321 319 433 306 168 156 68 30 
-338 -321 -328 -313 -333 -328 -323 -335 -319 -359 -391 -360 -342 -368 -350 -363 -398 -330 -306 -355 -376 -409 -436 -478 
-357 -391 -376 -411 -363 -387 -409 -386 -364 -305 -288 -352 -391 -333 -367 -336 -265 -263 -357 -252 -139 -129 -56 -25 
-619 -717 -666 -751 -615 -624 -631 -537 -587 -320 -119 -282 -391 -248 -369 -293 -68 -354 -446 -158 160 131 251 433 
-640 -747 -641 -630 -556 -543 -456 -397 -307 -159 -125 -348 -423 -356 -460 -412 -182 -256 -217 -52 85 329 451 522 
-640 -747 -641 -630 -556 -543 -456 -397 -307 -159 -125 -348 -423 -356 -460 -412 -182 -256 -217 -52 85 329 451 522 
-122 -190 -141 -136 -80 -71 -11 2 50 94 24 -113 -209 -223 -234 -199 -48 -41 12 150 215 333 387 383 
-276 -347 -260 -238 -165 -143 -60 -1 78 159 131 -72 -185 -166 -237 -203 -1 -4 46 183 272 444 550 590 
-276 -347 -260 -238 -165 -143 -60 -1 78 159 131 -72 -185 -166 -237 -203 -1 -4 46 183 272 444 550 590 
356 425 380 389 360 362 326 318 282 191 164 251 262 222 261 229 125 189 172 74 -5 -134 -174 -201 
356 425 380 389 360 362 326 318 282 191 164 251 262 222 261 229 125 189 172 74 -5 -134 -174 -201 
-494 -590 -484 -466 -385 -366 -272 -206 -113 9 11 -222 -327 -282 -377 -332 -95 -135 -85 80 203 430 555 615 
-275 -219 -235 -237 -294 -303 -356 -336 -363 -332 -155 -49 90 175 113 77 -49 -126 -208 -362 -384 -431 -443 -376 
23 3 -56 -69 -102 -101 -107 -93 -120 -105 -5 66 142 141 136 122 68 25 -35 -119 -123 -136 -140 -125 
478 381 408 412 511 526 619 584 631 577 270 85 -156 -305 -196 -135 85 219 361 629 667 750 770 653 
-2384 -2426 -2469 -2457 -2521 -2468 -2352 -1999 -1826 -1214 -52 403 583 992 721 447 466 -194 -663 -1102 -716 -678 -485 4 
797 796 519 795 793 788 782 779 777 777 786 795 805 587 385 571 794 776 761 755 758 762 771 778 
-488 -518 -522 -595 -591 -585 -525 -547 -498 -348 -371 -485 -327 -375 -319 -289 -346 -236 -107 45 77 165 128 88 
-314 -370 -362 -433 -458 -432 -323 -321 -251 -19 -224 -120 6 -17 5 20 47 -137 -11 299 208 293 273 267 
-543 -562 -616 -594 -603 -607 -600 -610 -566 -668 -646 -587 -555 -519 -519 -526 -580 -591 -611 -663 -641 -656 -589 -570 
42 46 80 70 88 91 86 99 76 144 139 113 108 104 102 103 129 120 119 156 148 169 145 162 
-185 -189 -189 -187 -185 -186 -189 -186 -186 -186 -184 -183 -181 -178 -176 -176 -178 -186 -196 -197 -197 -195 -189 -181 
24 27 47 41 52 54 51 58 45 85 82 67 64 62 60 61 76 71 71 92 88 100 86 96 
-111 -113 -113 -112 -111 -112 -113 -112 -111 -111 -111 -110 -109 -107 -106 -105 -107 -112 -118 -118 -118 -117 -113 -108 
152 102 32 17 0 5 21 31 8 13 62 106 141 101 123 120 109 88 47 9 13 18 18 7 
-513 -550 -111 12 229 201 162 203 250 229 184 171 156 135 133 127 120 124 171 244 251 259 263 255 
-235 -251 -51 5 105 92 74 93 114 104 84 78 71 62 61 58 55 56 78 111 115 118 120 116 
365 374 372 387 371 397 419 421 389 398 435 459 472 449 452 438 424 354 273 235 202 183 135 147 
-408 -419 -417 -433 -415 -444 -469 -471 -436 -446 -487 -514 -528 -502 -506 -490 -475 -396 -305 -263 -226 -205 -151 -165 
-302 -240 -273 -238 -285 -327 -360 -416 -265 -467 -710 -627 -580 -648 -573 -596 -717 -224 -458 -584 -695 -710 -709 -939 
307 315 313 326 312 334 353 354 328 335 366 386 397 378 380 368 357 298 230 198 170 154 113 124 
-512 -502 -511 -509 -523 -548 -572 -595 -559 -625 -703 -695 -684 -690 -666 -667 -703 -589 -487 -509 -492 -514 -487 -529 
-450 -454 -456 -467 -458 -487 -513 -521 -482 -511 -567 -583 -590 -574 -569 -558 -558 -459 -356 -333 -300 -293 -246 -273 
315 434 375 416 408 410 373 365 297 27 -80 198 278 231 254 246 139 174 117 -46 -49 -100 -242 -264 
128 183 137 136 156 210 225 273 235 107 102 185 254 285 364 297 69 50 21 -118 -196 -317 -388 -401 
-500 -621 -476 -439 -318 -285 -149 -51 76 204 151 -192 -340 -323 -425 -350 -16 -35 41 265 431 735 900 977 
-375 -360 -284 -311 -313 -304 -318 -297 -317 -385 -403 -314 -197 -111 -94 -156 -380 -462 -520 -583 -625 -685 -679 -666 
-223 -242 -149 -219 -216 -190 -182 -152 -154 -186 -193 -124 16 125 176 108 -150 -220 -244 -279 -331 -398 -413 -429 
880 852 639 760 763 743 767 726 763 890 925 762 546 330 245 408 883 1031 1133 1250 1331 1444 1437 1415 
-92 -40 -87 -91 -79 -48 -49 -9 -55 -193 -243 -142 -56 -16 13 -21 -274 -281 -343 -487 -555 -662 -702 -691 
-120 -131 -114 -144 -131 -136 -155 -226 -94 -198 -354 -370 -434 -555 -469 -424 -479 -213 -94 24 -179 -127 1 -71 
646 783 761 765 796 734 680 674 685 622 214 460 469 134 330 348 185 499 520 468 124 16 39 -33 
-232 -254 -221 -279 -253 -263 -299 -437 -182 -382 -683 -713 -837 -1070 -904 -818 -923 -411 -182 48 -346 -245 2 -137 
-136 -184 -162 -231 -229 -224 -224 -249 -233 -232 -338 -411 -484 -517 -499 -514 -416 -298 -226 -129 -120 -36 -17 -18 
-129 -143 -123 -159 -144 -151 -174 -259 -106 -229 -409 -426 -500 -612 -537 -487 -471 -245 -110 27 -144 -132 -39 -126 
326 565 545 418 400 400 483 445 470 741 553 419 263 71 144 213 503 651 923 1079 1101 1219 1065 1038 
-49 -436 -450 -472 -459 -451 -427 -410 -313 -261 -201 -245 -179 -132 -117 -130 -113 -153 -146 4 47 96 178 107 
-49 -436 -450 -472 -459 -451 -427 -410 -313 -261 -201 -245 -179 -132 -117 -130 -113 -153 -146 4 47 96 178 107 
58 -77 -89 -131 -129 -126 -92 -93 -37 59 43 -8 -5 18 10 23 102 121 195 313 339 394 396 352 
58 -77 -89 -131 -129 -126 -92 -93 -37 59 43 -8 -5 18 10 23 102 121 195 313 339 394 396 352 
79 -184 -207 -292 -288 -281 -218 -219 -112 73 44 -55 -48 -2 -18 7 157 191 333 559 611 716 722 638 
673 694 688 725 733 738 732 741 696 798 775 715 682 644 642 649 705 721 748 801 779 793 721 696 
53 102 28 41 61 103 115 159 121 18 7 49 81 95 142 103 -77 -76 -111 -240 -309 -414 -453 -447 
-160 -178 -153 -199 -180 -191 -223 -335 -136 -297 -532 -554 -649 -770 -696 -630 -540 -318 -145 35 -132 -158 -87 -203 
255 291 293 258 274 254 235 227 244 235 -81 -83 -185 -391 -304 -280 -233 46 171 268 159 183 201 171 
585 543 531 405 414 394 444 387 448 647 691 427 80 -2 97 139 620 878 1058 1243 1361 1526 1497 1448 
-191 -164 -227 -74 -81 -70 -104 -68 -109 -238 -265 -90 137 136 19 39 -217 -391 -513 -634 -710 -816 -794 -760 
-325 -291 -311 -281 -339 -338 -339 -380 -388 -490 -555 -499 -457 -506 -458 -487 -577 -538 -533 -641 -677 -742 -780 -815 
-325 -291 -311 -281 -339 -338 -339 -380 -388 -490 -555 -499 -457 -506 -458 -487 -577 -538 -533 -641 -677 -742 -780 -815 
98 156 127 188 92 127 156 105 61 -63 -105 2 76 -21 46 -10 -147 -167 -249 -444 -535 -651 -768 -809 
74 -199 -223 -307 -303 -295 -228 -229 -118 75 44 -59 -52 -4 -20 6 162 199 345 580 633 742 748 661 
-279 -320 -300 -296 -353 -341 -267 -246 -196 -49 20 -16 -29 -30 -59 -68 71 -27 -32 -67 105 139 181 226 
-279 -320 -300 -296 -353 -341 -267 -246 -196 -49 20 -16 -29 -30 -59 -68 71 -27 -32 -67 105 139 181 226 
420 503 464 457 570 543 392 350 252 -40 -181 -107 -78 -76 -14 2 -279 -88 -81 -11 -354 -419 -499 -582 
-302 -278 -294 -296 -286 -326 -364 -376 -363 -417 -513 -511 -517 -526 -505 -494 -514 -390 -337 -302 -325 -316 -260 -322 
-302 -278 -294 -296 -286 -326 -364 -376 -363 -417 -513 -511 -517 -526 -505 -494 -514 -390 -337 -302 -325 -316 -260 -322 
-194 -202 -202 -215 -199 -224 -247 -247 -229 -235 -264 -291 -304 -279 -285 -270 -255 -206 -156 -111 -83 -57 -8 -18 
-486 -541 -532 -546 -538 -541 -542 -539 -522 -504 -396 -506 -522 -388 -458 -451 -375 -432 -425 -345 -187 -115 -78 -69 
-486 -541 -532 -546 -538 -541 -542 -539 -522 -504 -396 -506 -522 -388 -458 -451 -375 -432 -425 -345 -187 -115 -78 -69 
-222 -220 -225 -234 -221 -249 -274 -279 -264 -284 -331 -347 -357 -344 -341 -329 -325 -260 -214 -175 -165 -145 -98 -122 
-307 -304 -311 -323 -306 -344 -379 -385 -365 -393 -457 -480 -494 -475 -471 -454 -450 -359 -295 -242 -228 -201 -136 -168 
-307 -304 -311 -323 -306 -344 -379 -385 -365 -393 -457 -480 -494 -475 -471 -454 -450 -359 -295 -242 -228 -201 -136 -168 
543 665 520 483 363 330 196 99 -27 -154 -100 243 390 373 474 400 66 87 11 -211 -378 -683 -849 -927 
-1333 -1415 -1362 -1432 -1279 -1260 -1235 -1116 -1097 -805 -605 -736 -844 -728 -862 -793 -550 -658 -671 -402 -343 -170 -106 -26 
836 1000 886 1020 700 629 547 284 248 -390 -849 -598 -376 -596 -308 -443 -959 -722 -697 -1237 -1207 -1674 -1753 -1906 
-75 -35 -62 -31 -105 -123 -143 -205 -206 -359 -473 -413 -361 -413 -345 -376 -498 -424 -411 -538 -534 -641 -659 -703 
357 365 372 420 405 408 388 412 389 325 260 426 309 350 299 273 347 148 64 33 -38 -96 -63 -20 
568 652 609 580 710 690 557 503 425 162 -203 39 119 80 168 201 -102 -39 26 319 -253 -297 -408 -478 
-156 -180 -170 -179 -204 -194 -142 -136 -97 4 -70 -4 15 -4 -7 -4 64 -63 -37 57 41 73 85 121 
-156 -180 -170 -179 -204 -194 -142 -136 -97 4 -70 -4 15 -4 -7 -4 64 -63 -37 57 41 73 85 121 
-82 -95 -90 -95 -108 -103 -75 -72 -51 2 -37 -2 8 -2 -3 -2 34 -33 -19 30 22 39 45 64 
499 673 580 602 559 566 502 467 348 208 262 480 547 507 581 554 329 311 231 -4 -100 -289 -434 -444 
-353 -525 -432 -453 -408 -409 -338 -301 -180 -36 -89 -311 -381 -342 -415 -384 -153 -125 -38 196 289 474 609 612 
70 72 72 71 65 64 61 55 50 39 20 11 0 -17 -5 2 10 20 26 24 8 -10 -35 -18 
-431 -513 -614 -663 -706 -726 -772 -814 -839 -844 -798 -631 -424 -279 -259 -305 -538 -618 -680 -697 -723 -781 -831 -866 
123 141 140 160 166 151 137 124 198 115 163 295 373 356 373 377 274 220 185 110 -19 -142 -104 -160 
-147 -240 -215 -328 -342 -320 -292 -241 -397 -240 -256 -400 -475 -409 -460 -560 -355 -371 -377 -331 -93 82 9 118 
561 545 557 579 572 570 549 542 471 456 411 423 397 378 367 370 344 381 380 318 281 246 165 200 
-1113 -985 -724 -656 -663 -833 -1116 -1119 -1124 -1141 -1151 -878 -721 -723 -715 -710 -712 -728 -910 -1193 -1188 -1235 -1179 -967 
-61 -62 -62 -61 -61 -61 -62 -61 -61 -61 -61 -60 -59 -58 -58 -58 -58 -61 -64 -65 -65 -64 -62 -59 
-108 -110 -110 -109 -108 -109 -110 -109 -108 -108 -108 -107 -106 -104 -103 -103 -104 -109 -114 -115 -115 -114 -110 -105 
49 164 174 227 227 227 204 206 161 82 94 135 129 107 115 106 45 38 -16 -114 -138 -186 -195 -165 
-69 -230 -244 -318 -317 -318 -285 -288 -226 -115 -132 -188 -180 -150 -161 -148 -63 -54 23 159 193 261 273 231 
1205 1372 1289 1250 1499 1457 1179 1084 908 351 -156 156 260 218 366 414 -166 99 182 541 -375 -490 -687 -851 
286 308 300 325 292 317 339 328 304 277 286 330 357 317 336 312 270 238 180 107 65 21 -39 -50 
286 308 300 325 292 317 339 328 304 277 286 330 357 317 336 312 270 238 180 107 65 21 -39 -50 
286 308 300 325 292 317 339 328 304 277 286 330 357 317 336 312 270 238 180 107 65 21 -39 -50 
-110 -152 -136 -165 -136 -153 -167 -155 -123 -83 -53 -117 -143 -76 -110 -89 -31 -36 30 100 186 237 292 327 
-110 -152 -136 -165 -136 -153 -167 -155 -123 -83 -53 -117 -143 -76 -110 -89 -31 -36 30 100 186 237 292 327 
239 237 234 233 236 242 -64 -63 -66 -68 -68 -70 -76 -80 -85 -85 -81 -61 -52 -55 -881 -929 -943 -959 
-154 -156 -156 -161 -167 -182 -201 -215 -229 -243 -241 -234 -219 -210 -244 -283 -332 -458 -540 -578 -593 -592 -574 -558 
111 45 77 49 65 87 109 131 146 235 362 294 275 352 298 308 384 242 248 281 391 434 436 540 
111 45 77 49 65 87 109 131 146 235 362 294 275 352 298 308 384 242 248 281 391 434 436 540 
-365 -460 -392 -431 -267 -249 -164 -57 47 387 617 443 304 405 246 289 624 585 638 1020 1008 1359 1404 1531 
353 498 458 520 544 584 589 632 575 444 438 464 433 391 426 408 292 319 269 100 33 -73 -111 -83 
353 498 458 520 544 584 589 632 575 444 438 464 433 391 426 408 292 319 269 100 33 -73 -111 -83 
-520 -603 -704 -753 -798 -821 -871 -914 -941 -949 -902 -733 -525 -379 -360 -408 -645 -731 -797 -813 -837 -893 -937 -968 
-913 -1457 -1507 -1724 -1733 -1759 -1678 -1701 -1501 -1146 -1202 -1378 -1334 -1227 -1271 -1243 -983 -1000 -769 -307 -180 67 149 37 
-493 -617 -482 -456 -351 -322 -199 -114 7 160 131 -210 -350 -328 -420 -354 -48 -71 4 224 368 640 805 875 
-258 -254 -259 -262 -249 -251 -274 -274 -317 -351 -325 -350 -349 -298 -298 -303 -371 -341 -351 -390 -377 -386 -384 -391 
165 198 185 196 229 215 148 139 92 -38 43 -29 -51 -30 -24 -26 -115 38 8 -98 -93 -132 -147 -190 
-246 -284 -270 -274 -314 -300 -237 -220 -196 -73 -45 -54 -56 -37 -60 -68 17 -80 -74 -77 35 63 92 126 
-221 -255 -243 -246 -283 -270 -213 -198 -177 -65 -40 -49 -50 -33 -54 -61 15 -72 -66 -69 31 57 83 114 
-222 -327 -297 -320 -412 -365 -185 -142 -99 228 226 253 262 321 262 243 435 162 209 266 479 548 595 666 
-145 -169 -255 -171 -197 -233 -170 -192 -216 -249 -195 -223 -317 -470 -439 -387 -217 -98 -120 -104 -88 -73 -73 -75 
-507 -530 -599 -615 -634 -661 -660 -660 -658 -661 -661 -661 -661 -661 -661 -661 -661 -660 -660 -660 -660 -661 -661 -662 
-507 -530 -599 -615 -634 -661 -660 -660 -658 -661 -661 -661 -661 -661 -661 -661 -661 -660 -660 -660 -660 -661 -661 -662 
-507 -530 -599 -615 -634 -661 -660 -660 -658 -661 -661 -661 -661 -661 -661 -661 -661 -660 -660 -660 -660 -661 -661 -662 
-507 -530 -599 -615 -634 -661 -660 -660 -658 -661 -661 -661 -661 -661 -661 -661 -661 -660 -660 -660 -660 -661 -661 -662 
944 1015 1212 1362 1408 1463 1506 1480 1453 1443 1507 1492 1420 1284 1327 1378 1530 1585 1529 1546 1576 1613 1651 1691 
-3 25 71 148 160 160 162 147 125 78 143 117 59 -6 13 38 112 167 116 74 107 114 142 169 
-3 25 71 148 160 160 162 147 125 78 143 117 59 -6 13 38 112 167 116 74 107 114 142 169 
-5 6 28 100 101 99 130 114 100 86 123 110 59 -30 -4 28 128 175 148 159 176 196 213 232 
-5 6 28 100 101 99 130 114 100 86 123 110 59 -30 -4 28 128 175 148 159 176 196 213 232 
-6 8 36 127 129 127 166 146 128 110 157 140 76 -38 -6 35 164 224 189 204 225 251 273 297 
307 363 451 601 626 632 641 614 568 473 602 549 430 296 332 379 529 654 561 477 536 545 587 627 
307 363 451 601 626 632 641 614 568 473 602 549 430 296 332 379 529 654 561 477 536 545 587 627 
-210 -214 -212 -214 -219 -209 -206 -204 -307 -270 -198 -202 -206 -205 -208 -208 -204 -452 -446 -435 -435 -438 -443 -339 
115 120 118 107 140 56 0 -24 444 254 -91 -86 -81 -44 -29 -10 -22 1089 1021 981 1033 1084 1175 741 
-910 -1073 -958 -854 -768 -691 -366 -335 -57 353 819 572 586 567 512 409 930 706 686 1226 1194 1893 1726 2105 
317 356 366 489 471 472 398 445 375 163 122 399 760 850 744 690 186 -113 -322 -506 -613 -762 -699 -622 
744 788 800 797 786 783 774 755 688 717 609 579 529 470 489 512 562 622 671 663 516 271 89 214 
792 1026 1020 959 919 905 923 859 711 818 575 595 448 279 330 389 492 652 807 653 559 496 215 336 
846 880 947 1179 1189 1197 1314 1266 1211 1163 1282 1235 1057 752 824 931 1271 1471 1401 1434 1476 1523 1548 1572 
-19 -27 -8 23 39 35 7 21 -85 5 10 47 48 45 47 45 7 -28 -100 -199 -200 -95 -66 -111 
-902 -911 -927 -981 -919 -919 -867 -878 -864 -1004 -1045 -1039 -943 -833 -811 -840 -1030 -1023 -1053 -1064 -750 -725 -707 -688 
-441 -446 -454 -480 -450 -450 -424 -429 -423 -491 -512 -509 -461 -408 -397 -411 -504 -500 -515 -521 -367 -355 -346 -336 
-133 -155 -189 -272 -170 -149 -360 -370 -361 -579 -689 -642 -520 -374 -357 -401 -754 -736 -747 -772 -1144 -1176 -1200 -1228 
-380 -405 -408 -412 -405 -416 -424 -426 -421 -427 -371 -447 -459 -366 -412 -406 -359 -369 -286 -234 -192 -142 -107 -114 
-811 -865 -871 -880 -865 -888 -906 -909 -898 -912 -792 -955 -980 -781 -880 -868 -768 -787 -610 -500 -410 -303 -228 -243 
520 542 553 553 543 564 582 586 586 611 556 654 670 551 608 600 544 529 484 421 297 234 181 201 
-611 -636 -650 -650 -638 -662 -684 -689 -689 -718 -653 -768 -787 -647 -714 -705 -640 -622 -569 -495 -349 -275 -212 -236 
-611 -636 -650 -650 -638 -662 -684 -689 -689 -718 -653 -768 -787 -647 -714 -705 -640 -622 -569 -495 -349 -275 -212 -236 
-919 -1022 -1006 -1044 -1099 -1053 -926 -882 -849 -603 -546 -578 -560 -462 -521 -559 -448 -656 -631 -669 -425 -379 -328 -277 
-549 -574 -612 -713 -591 -572 -737 -752 -737 -999 -1118 -1073 -917 -734 -707 -761 -1170 -1150 -1174 -1202 -1388 -1405 -1418 -1434 
-143 -144 -141 -178 -177 -175 -197 -189 -179 -169 -190 -181 -148 -93 -104 -123 -184 -225 -215 -221 -227 -233 -233 -233 
358 360 353 446 442 436 492 472 448 423 474 451 369 233 261 307 459 561 538 551 566 581 582 582 
358 360 353 446 442 436 492 472 448 423 474 451 369 233 261 307 459 561 538 551 566 581 582 582 
358 360 353 446 442 436 492 472 448 423 474 451 369 233 261 307 459 561 538 551 566 581 582 582 
-75 15 10 97 109 109 108 92 68 16 91 63 0 -73 -49 -22 59 116 56 61 46 56 90 127 
-75 15 10 97 109 109 108 92 68 16 91 63 0 -73 -49 -22 59 116 56 61 46 56 90 127 
33 2 -45 -127 -138 -139 -139 -124 -101 -51 -120 -93 -32 36 15 -10 -88 -145 -90 -46 -81 -90 -120 -150 
-46 -3 62 173 189 189 190 169 138 70 164 127 43 -50 -21 14 120 197 123 63 110 122 163 204 
-46 -3 62 173 189 189 190 169 138 70 164 127 43 -50 -21 14 120 197 123 63 110 122 163 204 
-122 24 16 158 178 178 177 151 111 26 149 103 0 -119 -81 -36 97 190 91 100 75 92 147 207 
-122 24 16 158 178 178 177 151 111 26 149 103 0 -119 -81 -36 97 190 91 100 75 92 147 207 
497 450 477 481 405 427 554 572 555 773 727 787 781 818 793 800 916 738 775 881 956 1007 1026 1078 
-226 -182 -205 -207 -143 -161 -264 -282 -383 -568 -548 -584 -580 -507 -484 -486 -694 -542 -567 -634 -723 -767 -792 -840 
-454 -518 -492 -523 -516 -523 -528 -526 -474 -441 -388 -459 -473 -392 -427 -414 -363 -400 -413 -312 -200 -141 -100 -102 
-467 -532 -505 -538 -530 -537 -543 -541 -487 -454 -399 -471 -486 -402 -439 -425 -373 -411 -424 -321 -206 -145 -103 -105 
-467 -532 -505 -538 -530 -537 -543 -541 -487 -454 -399 -471 -486 -402 -439 -425 -373 -411 -424 -321 -206 -145 -103 -105 
-467 -532 -505 -538 -530 -537 -543 -541 -487 -454 -399 -471 -486 -402 -439 -425 -373 -411 -424 -321 -206 -145 -103 -105 
576 576 576 576 576 575 575 575 417 159 159 159 159 159 160 159 159 159 158 158 204 253 165 145 
138 168 156 168 198 185 119 112 61 -66 41 -51 -77 -48 -45 -50 -137 26 -9 -141 -105 -146 -157 -200 
1058 1099 1086 1082 1125 1114 1040 1014 984 828 729 792 819 821 855 868 720 809 809 875 674 652 608 577 
1195 1240 1226 1222 1271 1258 1174 1145 1112 935 823 894 925 927 966 980 813 913 913 988 761 737 687 651 
94 129 95 47 156 145 -28 -60 -67 -367 -475 -429 -334 -259 -212 -229 -559 -441 -470 -469 -717 -752 -786 -823 
-255 -269 -265 -278 -269 -289 -306 -310 -259 -275 -308 -332 -339 -312 -317 -307 -295 -199 -180 -161 -126 -101 -63 -84 
-255 -269 -265 -278 -269 -289 -306 -310 -259 -275 -308 -332 -339 -312 -317 -307 -295 -199 -180 -161 -126 -101 -63 -84 
-260 -274 -270 -283 -274 -295 -312 -316 -264 -280 -314 -338 -346 -318 -323 -313 -301 -203 -183 -164 -128 -103 -64 -86 
-260 -274 -270 -283 -274 -295 -312 -316 -264 -280 -314 -338 -346 -318 -323 -313 -301 -203 -183 -164 -128 -103 -64 -86 
-260 -274 -270 -283 -274 -295 -312 -316 -264 -280 -314 -338 -346 -318 -323 -313 -301 -203 -183 -164 -128 -103 -64 -86 
282 283 285 291 289 321 347 363 256 320 419 425 423 409 398 392 404 150 179 187 171 148 107 198 
282 283 285 291 289 321 347 363 256 320 419 425 423 409 398 392 404 150 179 187 171 148 107 198 
282 283 285 291 289 321 347 363 256 320 419 425 423 409 398 392 404 150 179 187 171 148 107 198 
282 283 285 291 289 321 347 363 256 320 419 425 423 409 398 392 404 150 179 187 171 148 107 198 
-162 -163 -164 -166 -169 -175 -181 -186 -191 -200 -207 -210 -210 -207 -204 -203 -208 -220 -226 -225 -224 -218 -209 -199 
-162 -163 -164 -166 -169 -175 -181 -186 -191 -200 -207 -210 -210 -207 -204 -203 -208 -220 -226 -225 -224 -218 -209 -199 
-378 -362 -375 -364 -401 -420 -439 -474 -475 -559 -627 -606 -582 -601 -565 -577 -638 -601 -596 -650 -637 -684 -675 -689 
-448 -444 -445 -441 -442 -438 -434 -433 -423 -425 -429 -421 -418 -424 -423 -426 -429 -400 -388 -398 -372 -412 -422 -439 
493 531 543 543 546 548 548 550 508 589 573 551 517 480 476 481 513 540 570 568 604 730 700 646 
-351 -458 -457 -457 -457 -455 -454 -453 -452 -443 -428 -360 -306 -267 -259 -253 -250 -230 -219 -214 -192 -193 -208 -222 
360 466 466 466 466 465 463 463 462 453 438 370 316 277 269 263 260 241 230 225 203 204 219 232 
194 195 194 194 201 191 188 186 300 263 187 184 187 189 190 191 190 455 454 449 454 458 466 355 
-156 -157 -156 -156 -160 -154 -152 -151 -218 -196 -150 -148 -150 -152 -153 -153 -152 -310 -309 -307 -309 -312 -317 -251 
-105 -105 -105 -105 -108 -103 -102 -101 -147 -132 -101 -100 -101 -102 -103 -103 -103 -209 -208 -206 -208 -210 -213 -169 
-3 -3 -3 -3 -3 -3 -3 -3 -3 -3 -3 -3 -3 -3 -3 -3 -3 -3 -3 -3 -3 -3 -3 -3 
-167 -175 -173 -178 -180 -172 -169 -165 -242 -208 -151 -166 -171 -165 -171 -170 -161 -355 -342 -319 -311 -311 -310 -226 
464 369 411 427 385 513 634 666 627 770 1152 1071 1090 1220 1102 1059 1162 758 563 501 684 698 531 677 
121 19 -287 -352 -522 -516 -546 -473 -613 -535 -27 336 722 718 692 620 347 129 -179 -606 -629 -692 -715 -637 
610 409 130 69 0 21 87 124 32 54 249 423 562 406 491 482 435 353 189 37 52 74 72 29 
-146 -163 -140 -182 -165 -175 -204 -306 -124 -272 -487 -506 -593 -705 -636 -576 -494 -291 -132 32 -121 -144 -80 -186 
109 124 124 141 146 134 121 109 175 101 144 260 329 314 329 333 241 194 163 97 -17 -125 -92 -141 
-1527 -1629 -1641 -1657 -1628 -1671 -1706 -1711 -1691 -1717 -1491 -1798 -1846 -1471 -1657 -1634 -1445 -1482 -1149 -942 -772 -572 -430 -458 
578 578 578 578 578 577 577 576 419 160 160 159 160 160 160 160 160 159 158 158 205 254 165 145 
-369 -372 -374 -378 -386 -399 -413 -424 -437 -456 -471 -480 -479 -472 -465 -463 -474 -502 -517 -514 -511 -498 -476 -455 
-369 -372 -374 -378 -386 -399 -413 -424 -437 -456 -471 -480 -479 -472 -465 -463 -474 -502 -517 -514 -511 -498 -476 -455 

