17.227651156777675 18.62542123545087 17.20604859294864 20.091686886123235 19.58146293064386 19.173295700119493 20.754464693606756 20.362031609367495 21.7656569277214 21.217 20.45400000000004 20.453999999999716 20.454000000000033 19.936000000000003 19.935999999999982 19.935999999999925 20.76200000000007 22.731022746886474 22.626097228961168 23.41335742008919 22.425989713217493 22.731022746886495 22.683663561949558 34.17101784626494 
-13.691999999999998 -17.479588555761378 -14.872729423042806 -21.48653459728157 -20.526925903749135 -19.759261393645463 -21.94883282661772 -21.184249913539485 -22.991188380150863 -21.940563661699503 -20.453999999999592 -20.453999999999407 -20.454000000000146 -19.93600000000012 -19.935999999999915 -19.935999999999666 -20.762000000000285 -22.92530819346678 -23.25432676032038 -23.803453463531927 -23.881810801843148 -22.925308193466353 -23.07381402372994 -34.327751519989754 
28.092519496206272 28.207635285374618 25.927999999999997 22.591689365270696 21.27602769050767 20.22352912330387 22.895145192026845 21.835703453531497 23.962191821693853 22.513851931289032 20.454000000000214 20.45399999999961 20.454000000000093 19.93600000000005 19.935999999999957 19.93599999999986 20.761999999999794 23.07924291044076 23.75208064156475 24.112531292557403 25.035275516710364 23.079242910440637 23.382934969063495 34.451933511642764 
18.508 18.508 18.033303689007173 18.508 18.508 18.508 19.398398985270575 19.428498625493397 20.374208904963442 20.39547785593935 20.453999999999997 20.454000000000008 20.454 19.93599999999998 19.93600000000002 19.936000000000075 20.762 22.510434283033167 21.912815870480234 22.970448862124666 20.77307466869007 22.51043428303327 22.240693218310028 33.99306504058779 
24.737605236277563 29.44711402265676 24.7661303230862 24.663095451095487 22.68007900072985 21.093712222107943 24.668830878028864 23.05673137329208 25.782156315752125 23.588373658884645 20.454000000000068 20.45399999999996 20.454000000000022 19.935999999999993 19.936000000000007 19.936000000000053 20.761999999999937 23.36776477072263 24.68502727376126 24.691839923872337 27.19722956999365 23.367764770722623 23.962324413842442 34.68468944837625 
-14.056954477441039 -17.608536627008913 -15.113932502919967 -21.364182087060716 -20.44399228515052 -19.7078619663584 -21.844065877485818 -21.112127005310686 -22.88368786352618 -21.877094488968076 -20.45400000000006 -20.45399999999938 -20.4540000000001 -19.936000000000046 -19.935999999999904 -19.935999999999655 -20.76200000000012 -22.908265965918673 -23.19922005616781 -23.769235226113842 -23.75410986130258 -22.908265965918297 -23.03959101287316 -34.31400323889584 
-13.717011859703772 -17.488425907449052 -14.889260080883497 -21.478149267030254 -20.521242115328022 -19.75573877550095 -21.94165270856128 -21.179307028402896 -22.983820919256004 -21.936213853320638 -20.45400000000028 -20.4539999999994 -20.454000000000136 -19.936000000000043 -19.935999999999943 -19.935999999999673 -20.76200000000005 -22.92414021819641 -23.250550066956745 -23.80110834432803 -23.873058921249076 -22.924140218195934 -23.07146857738253 -34.32680929267377 
24.356671880921546 18.144 18.909047895862642 23.458330505941788 21.86345892254789 20.587598959006424 23.637225171721738 22.346560806135685 24.723634069018303 22.963413580282985 20.454000000000025 20.45399999999984 20.45400000000004 19.936 19.936 19.935999999999996 20.761999999999905 23.199955558633782 24.142409674121367 24.354904189151174 25.939800389760492 23.199955558633828 23.62534167663864 34.5493146441447 
-20.694470515593416 -21.22246957407064 -19.542932059814635 -21.709415586006095 -20.67800026158944 -19.852892126295956 -22.139679431775562 -21.31563115832732 -23.187014533529243 -22.056181003316745 -20.453999999999997 -20.45399999999993 -20.45400000000001 -19.935999999999982 -19.936000000000014 -19.936000000000035 -20.76199999999999 -22.956352824419668 -23.35471077928921 -23.865786427313765 -24.11443465105884 -22.956352824419717 -23.13615568294994 -34.352795799655276 
-14.073185536431799 -17.614271489520636 -15.12465981731186 -21.35874055685951 -20.44030387868068 -19.70557601786905 -21.839406451073064 -21.108919396552864 -22.87890686388185 -21.87427174818703 -20.454000000000068 -20.45399999999938 -20.4540000000001 -19.936000000000046 -19.93599999999991 -19.93599999999965 -20.76200000000012 -22.90750802645563 -23.196769229499896 -23.767713397325807 -23.748430463933285 -22.907508026455254 -23.038068971790246 -34.31339179507135 
13.996239178382625 17.587084305712036 15.073804985561539 21.384537144219337 20.457789456486836 19.716412982422227 21.861495329763216 21.124125663260493 22.901572083118136 21.887653476572236 20.454000000000086 20.453999999999372 20.454000000000104 19.936000000000046 19.935999999999904 19.93599999999964 20.762000000000103 22.91110117964029 23.2083878297658 23.774927910123793 23.77535470490424 22.911101179639882 23.04528449101165 34.31629045839795 
-13.238435164585505 -17.31933210097695 -14.572962624747724 -21.63859409946928 -20.629995671063092 -19.82314051890328 -22.079037021872683 -21.273884147457466 -23.124789848672297 -22.019443047111213 -20.45399999999987 -20.453999999999432 -20.454000000000093 -19.93600000000007 -19.936000000000067 -19.93599999999969 -20.76200000000099 -22.94648824635214 -23.32281328328199 -23.84597983375641 -24.04051732459823 -22.946488246351656 -23.116346326376245 -34.344837861539894 
14.30261915399587 17.69533645595608 15.276295428338852 21.28182197995961 20.388166526465792 19.673263065782866 21.773543277372546 21.063578345087517 22.811325195637533 21.834370985753118 20.45400000000008 20.45399999999938 20.454000000000093 19.93600000000004 19.935999999999897 19.935999999999673 20.762000000000118 22.89679419730872 23.162125647170388 23.74620163494784 23.668149523252705 22.896794197308367 23.016554208524756 34.30474875035848 
13.25640413021237 17.325681011877137 14.584838543853571 21.632569928822207 20.625912336197988 19.820609807268674 22.073878697138642 21.270333090712093 23.119496933507552 22.0163180672749 20.45399999999986 20.453999999999432 20.454000000000097 19.936000000000075 19.93600000000006 19.93599999999969 20.762000000000963 22.94564915210903 23.320100039483282 23.844295058339238 24.034229817654403 22.94564915210855 23.114661315933176 34.34416094864888 
-24.38328682091302 -17.774396099791655 -18.71688553892957 -23.483667315444073 -21.880632851321188 -20.598242774121882 -23.658920355805005 -22.3614960484388 -24.745895321412224 -22.976556803383687 -20.454000000000025 -20.45399999999984 -20.45400000000004 -19.936 -19.936 -19.935999999999996 -20.761999999999905 -23.20348467031364 -24.153821193696178 -24.36199011621063 -25.966244754472747 -23.203484670313685 -23.632428592183818 -34.55216164400141 
13.25640413021237 17.325681011877137 14.584838543853571 21.632569928822207 20.625912336197988 19.820609807268674 22.073878697138642 21.270333090712093 23.119496933507552 22.0163180672749 20.45399999999986 20.453999999999432 20.454000000000097 19.936000000000075 19.93600000000006 19.93599999999969 20.762000000000963 22.94564915210903 23.320100039483282 23.844295058339238 24.034229817654403 22.94564915210855 23.114661315933176 34.34416094864888 
24.218496756923997 20.06284951676109 19.90668521931309 23.326790972288805 21.77429810766212 20.532340127919205 23.524591637630913 22.26902244017178 24.608061713384366 22.89517872864519 20.454000000000033 20.453999999999844 20.45400000000004 19.936 19.936 19.935999999999996 20.76199999999991 23.181633689633824 24.083165199673747 24.31811662358118 25.802510830801396 23.18163368963388 23.58854897920898 34.53453405255414 
24.677942066649255 29.31794431404589 24.65728681903465 24.731895208771892 22.726713212422855 21.12261451545426 24.72774213943054 23.097286639384286 25.842604683181246 23.624062862939084 20.454000000000065 20.45399999999997 20.454000000000033 19.935999999999982 19.93600000000001 19.936000000000057 20.76199999999994 23.377347746367807 24.716014197406697 24.71108110199142 27.269036791180888 23.377347746367803 23.981568276102887 34.6924202125922 
25.32886936812589 30.44430944488742 25.68142740629134 24.03449367494614 22.253996856117897 20.829641045902132 24.130577186402967 22.686190645261068 25.229858569152558 23.262292611281335 20.454000000000104 20.453999999999883 20.454000000000033 19.935999999999996 19.936000000000003 19.936000000000014 20.761999999999915 23.280208132228502 24.40190948528676 24.516039322978468 26.541149544378577 23.280208132228484 23.786499288792058 34.61405588393849 
-14.165027533358138 -17.646721696588127 -15.185359367228413 -21.327950144459518 -20.419433360259248 -19.692641182609556 -21.813041503072917 -21.09076942902182 -22.851854004614417 -21.8582995217116 -20.45400000000008 -20.453999999999393 -20.454000000000097 -19.93600000000004 -19.935999999999904 -19.93599999999966 -20.76200000000012 -22.90321929373186 -23.18290144580017 -23.75910226511609 -23.71629410141801 -22.903219293731492 -23.02945663832892 -34.30993199482769 
-27.648559573576613 -28.102353424235993 -25.660966833088153 -22.74465690846101 -21.37971295092456 -20.287789710187656 -23.02612691677713 -21.925872948702327 -24.096591106920798 -22.59320235412489 -20.45400000000018 -20.453999999999645 -20.454000000000086 -19.936000000000057 -19.935999999999968 -19.93599999999989 -20.76199999999981 -23.100549442475224 -23.820976139763467 -24.155311613947635 -25.19492977392448 -23.100549442475167 -23.425721258301877 -34.46912188626848 
-28.11895659817423 -28.213904651496254 -25.94390139718166 -22.582580393196924 -21.269853399400542 -20.219702508329476 -22.88734544020995 -21.8303340045864 -23.95418855962705 -22.509126740764437 -20.454000000000217 -20.45399999999961 -20.454000000000097 -19.936000000000053 -19.93599999999996 -19.93599999999986 -20.761999999999794 -23.077974140600816 -23.747978025048777 -24.10998379297205 -25.025768361531615 -23.077974140600688 -23.380387114102344 -34.450909971477365 
24.015354354982954 20.24624139647002 19.936 23.280862683460224 21.743166754641898 20.513045977453363 23.485264559741502 22.2419491765803 24.567708517788013 22.87135387624407 20.45400000000003 20.45399999999985 20.454000000000036 19.936 19.936 19.936 20.761999999999915 23.17523643347866 24.062479423630883 24.30527189249632 25.75457486552987 23.175236433478712 23.575702456286155 34.52937326734552 
22.133360763264832 23.25768752912089 20.773828502225143 23.388072835341465 21.815836500689276 20.55808420671749 23.577065541252125 22.305146146804738 24.66190476021604 22.926968098102243 20.454 20.453999999999958 20.454000000000008 19.935999999999982 19.936000000000018 19.93600000000005 20.76199999999998 23.190169513319255 24.110766116819253 24.335255277586338 25.866471525484133 23.190169513319287 23.60569002405395 34.541420059859945 
-24.701802876870712 -29.369602546800294 -24.70081608860232 -24.70438044595547 -22.708063011939604 -21.11105575750027 -24.70418203632222 -23.08106756296352 -25.818429852504153 -23.609789847774067 -20.454000000000065 -20.45399999999997 -20.454000000000033 -19.935999999999986 -19.93600000000001 -19.93600000000003 -20.76199999999994 -23.37351527208508 -24.703621743082582 -24.703386068314916 -27.240319267657533 -23.373515272085076 -23.97387216897038 -34.68932848449641 
-28.092519496206272 -28.207635285374618 -25.927999999999997 -22.591689365270696 -21.27602769050767 -20.22352912330387 -22.895145192026845 -21.835703453531497 -23.962191821693853 -22.513851931289032 -20.454000000000214 -20.45399999999961 -20.454000000000093 -19.93600000000005 -19.935999999999957 -19.93599999999986 -20.761999999999794 -23.07924291044076 -23.75208064156475 -24.112531292557403 -25.035275516710364 -23.079242910440637 -23.382934969063495 -34.451933511642764 
-14.101294070680483 -17.62420297824322 -15.14323710694851 -21.349317053555563 -20.433916390369568 -19.70161727054146 -21.831337375175018 -21.103364541464423 -22.870627250560094 -21.869383397650928 -20.45400000000008 -20.453999999999386 -20.454000000000097 -19.936000000000043 -19.935999999999904 -19.935999999999652 -20.76200000000012 -22.906195446212557 -23.192524950345245 -23.765077933020397 -23.738595028330625 -22.90619544621219 -23.035433139837977 -34.312332912241104 
25.822591941705728 26.102038166080824 23.761233736018866 23.24720573890511 21.72035322839801 20.49890693223717 23.456445082382427 22.222109479633904 24.538137085856587 22.85389466413855 20.454000000000093 20.453999999999773 20.454000000000057 19.936000000000003 19.935999999999996 19.93599999999996 20.76199999999987 23.170548427432546 24.04732057414817 24.29585907932672 25.719446665318443 23.170548427432546 23.566288330030524 34.525591365905996 
24.218496756923997 20.06284951676109 19.90668521931309 23.326790972288805 21.77429810766212 20.532340127919205 23.524591637630913 22.26902244017178 24.608061713384366 22.89517872864519 20.454000000000033 20.453999999999844 20.45400000000004 19.936 19.936 19.935999999999996 20.76199999999991 23.181633689633824 24.083165199673747 24.31811662358118 25.802510830801396 23.18163368963388 23.58854897920898 34.53453405255414 
-13.343947193352992 -17.35661229191578 -14.642696873471719 -21.603220751898117 -20.606018723546914 -19.808280424875747 -22.048747837785488 -21.253032685595144 -23.093710362584012 -22.00109346766218 -20.454000000000455 -20.453999999999425 -20.454000000000164 -19.936000000000043 -19.935999999999968 -19.93599999999969 -20.761999999999993 -22.941561166087478 -23.306881378035666 -23.836086995405296 -24.00359769175408 -22.941561166086913 -23.106452107975695 -34.34086309449378 
-24.976309977859675 -30.007498621825963 -25.226771552122386 -24.379637093697156 -22.48794377392806 -20.97463336378514 -24.426113607602932 -22.889641698871724 -25.533106093519354 -23.44133239740656 -20.454000000000082 -20.453999999999926 -20.454000000000022 -19.935999999999993 -19.936000000000007 -19.93600000000004 -20.76199999999993 -23.328282443646017 -24.557359636926325 -24.612565331515516 -26.901380316238885 -23.32828244364601 -23.883038762692298 -34.65283832273139 
-24.6799965542932 -29.322392243513374 -24.66103482028217 -24.729526104801497 -22.725107373975025 -21.12161927157212 -24.725713543574955 -23.095890128042324 -25.84052315743004 -23.62283391333401 -20.454000000000065 -20.45399999999997 -20.454000000000033 -19.935999999999982 -19.93600000000001 -19.936000000000053 -20.76199999999994 -23.377017758786224 -24.714947169755465 -24.71041853640956 -27.26656412589015 -23.37701775878622 -23.980905618093228 -34.6921540054889 
-24.45868640176136 -19.160189401363667 -19.49670841136692 -23.425853714577688 -21.841445333914248 -20.573955687828537 -23.609416225728978 -22.327416771911217 -24.695099535124598 -22.946566561148437 -20.454000000000033 -20.453999999999837 -20.45400000000004 -19.936 -19.936 -19.935999999999993 -20.761999999999905 -23.19543193367947 -24.12778235727846 -24.345821428564836 -25.905903931114484 -23.19543193367951 -23.61625764900861 -34.54566535198139 
-13.138143614633236 -17.283896443304112 -14.506678657213588 -21.67221725975121 -20.652786297474034 -19.837265371584703 -22.107827570726627 -21.293703929650658 -23.15433159729259 -22.036884733954047 -20.454000000000452 -20.453999999999436 -20.454000000000164 -19.936000000000046 -19.935999999999954 -19.9359999999997 -20.76199999999989 -22.95117154665696 -23.337956916567407 -23.855383198503056 -24.075610263714854 -22.951171546656425 -23.125751002890738 -34.34861596677053 
13.594740636888432 17.445224249911682 14.808449466556477 21.51914120428258 20.549027484696985 19.772959199457553 21.976752930021195 21.203470469947675 23.019836971762444 21.957478021431037 20.453999999999652 20.453999999999414 20.454000000000136 19.93600000000011 19.935999999999947 19.935999999999673 20.762000000000437 22.9298499001721 23.269012545206866 23.812572529562917 23.915842750794184 22.92984990017166 23.08293436186918 34.33141539903707 
23.94400456280232 20.31065420433199 19.946296242881086 23.26473127105287 21.73223247628804 20.506269284784153 23.471451693458196 22.23244022270141 24.553535247746343 22.862985863208326 20.45400000000003 20.453999999999855 20.454000000000036 19.936 19.936 19.936 20.76199999999992 23.17298952248009 24.055213949718738 24.300760432137658 25.737738296072088 23.172989522480144 23.57119036657948 34.527560642563074 
-14.112864681447041 -17.6282911811116 -15.150884271527834 -21.345437958053008 -20.43128704156147 -19.69998768985805 -21.828015816831346 -21.101077938202778 -22.86721902648851 -21.86737115464873 -20.454000000000082 -20.453999999999382 -20.4540000000001 -19.936000000000046 -19.935999999999904 -19.93599999999966 -20.762000000000114 -22.905655135040252 -23.190777833201093 -23.76399306920654 -23.734546364815447 -22.905655135039844 -23.034348124685785 -34.31189703319569 
25.158639785182814 30.47771040872074 25.602975493393433 24.155190883955996 22.335808469789466 20.88034509281594 24.23392674853189 22.757337806142136 25.33590471646915 23.324903112635337 20.454000000000097 20.453999999999898 20.454000000000022 19.935999999999993 19.936000000000007 19.936000000000025 20.761999999999922 23.297019796301832 24.456270653496055 24.549794623512497 26.66712282505228 23.29701979630182 23.820259298185267 34.6276181652007 
18.741385087001973 19.177877023862308 18.207080285030653 19.619887094876965 19.261665127791463 18.97509593273883 20.350476049313944 20.083920657781785 21.351127457016116 20.972258454516375 20.45399999999997 20.45399999999987 20.454 19.93599999999997 19.936000000000025 19.936000000000032 20.761999999999965 22.665306731865275 22.41360194407885 23.28140951610655 21.933566002578072 22.665306731865346 22.551697251254726 34.11800351792431 
-13.889424984514596 -17.54934402539622 -15.003210119275172 -21.420347048069832 -20.482062312864105 -19.731456470666142 -21.892158324485205 -21.145234461146455 -22.93303513326046 -21.90622951533827 -20.454000000000104 -20.453999999999375 -20.45400000000011 -19.936000000000046 -19.935999999999915 -19.935999999999662 -20.762000000000118 -22.916089066924286 -23.224516356868847 -23.784942839851542 -23.81272997733732 -22.91608906692387 -23.055300817820484 -34.32031427959477 
26.847205471025685 27.227085313308812 24.828523582907735 22.96560606976691 21.529477867396977 20.380608895753863 23.215319353462693 22.056115442749448 24.29071993145237 22.70781757908824 20.454000000000118 20.453999999999702 20.45400000000007 19.936000000000003 19.93599999999998 19.935999999999922 20.761999999999837 23.131324993191203 23.920490077343153 24.217104304961868 25.42553734919605 23.13132499319119 23.48752256938686 34.493949093913685 
-14.631720699898459 -17.811616738051157 -15.493802847402796 -21.171489314523974 -20.313380261944648 -19.626913090582445 -21.67906857696454 -20.998540752565017 -22.7143854719388 -21.777136990407936 -20.45400000000008 -20.453999999999418 -20.454000000000086 -19.936000000000035 -19.935999999999883 -19.9359999999997 -20.76200000000011 -22.881426189027188 -23.112432595989457 -23.71534497876623 -23.552993854414794 -22.88142618902688 -22.985693247844367 -34.29235109300329 
21.763486806076227 21.488694940821226 19.919910226958333 22.45088963867324 21.18059008319296 20.16438015041964 22.774582420019907 21.75270649873511 23.8384833393581 22.44081344477342 20.454000000000008 20.45399999999992 20.45400000000002 19.935999999999986 19.936000000000014 19.936000000000032 20.761999999999972 23.05963120835911 23.688665441791642 24.073153935571014 24.888320971340555 23.059631208359153 23.34355211894222 34.43611238777983 
19.48059908643002 19.99100535687444 18.713986382132838 20.490326269108557 19.851670762810162 19.34076129557416 21.095808176334 20.59701683021452 22.11590670632849 21.423790296419597 20.453999999999994 20.453999999999915 20.454000000000008 19.93599999999998 19.936000000000014 19.93600000000003 20.762 22.786548400280854 22.805641584055145 23.524844605980025 22.842054933717446 22.786548400280914 22.79516630028529 34.21581142085239 
26.242476558309423 30.107749223688977 26.01164098904277 23.41630851513144 21.834975356887263 20.56994581680943 23.601242944910858 22.321790180822507 24.68671299797956 22.941615081923995 20.45400000000014 20.45399999999978 20.454000000000054 19.936 19.93599999999999 19.93599999999996 20.761999999999873 23.194102402633067 24.123483267043145 24.343151929587968 25.895941479631187 23.194102402633025 23.613587777637058 34.54459279462344 
24.599808308748887 29.148786108011286 24.514747425844977 24.821994069482457 22.787784493566562 21.160464411883748 24.804891212546153 23.150397048405036 25.921766721262752 23.670800769198816 20.454000000000057 20.45399999999998 20.454000000000022 19.935999999999996 19.936000000000007 19.93600000000004 20.761999999999944 23.389897429927874 24.756594086227096 24.73627898474288 27.363074169193066 23.38989742992787 24.006769673955077 34.702544275115145 
25.672302673789996 30.92094752034558 26.15384116039128 23.68866669132789 22.01958660079317 20.68436156723569 23.83445544819116 22.48233665193059 24.92601045574807 23.082898232540447 20.454000000000125 20.453999999999837 20.45400000000004 19.936000000000003 19.936 19.935999999999993 20.761999999999897 23.232038608477456 24.246151460871722 24.419322142352875 26.180205326784222 23.232038608477424 23.6897686161348 34.57519663558996 
13.076171342023372 17.262 14.465720389965302 21.69299372253381 20.66686910817527 19.8459934171814 22.12561786056665 21.3059509927954 23.17258606938767 22.047662321620354 20.453999999999972 20.453999999999443 20.45400000000008 19.936000000000057 19.936000000000124 19.9359999999997 20.762000000001244 22.95406545709447 23.34731448827418 23.861193736716963 24.09729493396526 22.95406545709397 23.13156235167382 34.35095053800211 
24.797385060663533 29.57653628675787 24.875186640380278 24.594161174601044 22.633353608787832 21.064753418354165 24.60980443201723 23.01609681264064 25.72158975832912 23.55261467450382 20.45400000000007 20.453999999999954 20.454000000000022 19.935999999999993 19.936000000000007 19.93600000000005 20.761999999999937 23.3581630582301 24.653979763792787 24.672561124973384 27.125281949728755 23.358163058230094 23.94304292555404 34.67694356879798 
28.067223215836133 28.201636456783337 25.91278478458524 22.6004052643031 21.28193554678943 20.227190611063698 22.902608366659866 21.840841198436856 23.969849724642636 22.518373219002697 20.45400000000021 20.45399999999961 20.454000000000093 19.93600000000005 19.935999999999957 19.93599999999986 20.761999999999794 23.080456929951502 23.756006220766476 24.114968861691576 25.044372416333314 23.08045692995138 23.385372878238183 34.45291288370199 
24.703 29.37219429723435 24.703 24.703 22.707127310839887 21.110475841882817 24.703 23.080253834035673 25.81721697462274 23.609073754882832 20.454000000000065 20.45399999999997 20.454000000000033 19.93599999999999 19.93600000000001 19.93600000000003 20.76199999999994 23.3733229926292 24.703 24.703 27.238878477872667 23.373322992629195 23.973486046798993 34.68917336909259 
25.29066037605791 30.818179358113436 25.875375642032434 23.992674827669113 22.225650986269816 20.812073242871605 24.094768905579635 22.661539766591318 25.19311598268077 23.240599491651306 20.454000000000104 20.45399999999988 20.454000000000025 19.935999999999996 19.936000000000003 19.936000000000018 20.76199999999992 23.274383271669386 24.383074572617332 24.50434387641924 26.49750265785405 23.27438327166938 23.77480221071985 34.609356860875046 
28.092519496206272 28.207635285374618 25.927999999999997 22.591689365270696 21.27602769050767 20.22352912330387 22.895145192026845 21.835703453531497 23.962191821693853 22.513851931289032 20.454000000000214 20.45399999999961 20.454000000000093 19.93600000000005 19.935999999999957 19.93599999999986 20.761999999999794 23.07924291044076 23.75208064156475 24.112531292557403 25.035275516710364 23.079242910440637 23.382934969063495 34.451933511642764 
18.616236214152995 19.377676682327124 18.132480494132643 20.156235098468994 19.625215337637744 19.200411949234326 20.80973547854758 20.40008072488576 21.82236983178573 21.250483756332322 20.453999999999997 20.453999999999837 20.45400000000001 19.935999999999982 19.936000000000007 19.935999999999996 20.762000000000008 22.74001353359473 22.65516928669741 23.431409571622343 22.493359540055504 22.74001353359478 22.701718231754928 34.178270880680785 
-14.018052292770136 -17.594791456061014 -15.08822155172856 -21.377224206672278 -20.45283256289905 -19.713340868895283 -21.855233470855584 -21.1198149194708 -22.895146840489936 -21.88385996146159 -20.45400000000009 -20.453999999999375 -20.4540000000001 -19.936000000000046 -19.935999999999904 -19.935999999999652 -20.762000000000114 -22.91008257572692 -23.205094134481868 -23.77288270620638 -23.76772209482384 -22.91008257572652 -23.043239001788617 -34.31546873172607 
-24.015354354982954 -20.24624139647002 -19.936 -23.280862683460224 -21.743166754641898 -20.513045977453363 -23.485264559741502 -22.2419491765803 -24.567708517788013 -22.87135387624407 -20.45400000000003 -20.45399999999985 -20.454000000000036 -19.936 -19.936 -19.936 -20.761999999999915 -23.17523643347866 -24.062479423630883 -24.30527189249632 -25.75457486552987 -23.175236433478712 -23.575702456286155 -34.52937326734552 
18.515183900043077 18.552834045875652 18.03945779893529 18.591284684063606 18.564452460278634 18.54298730884169 19.46971327414793 19.477592294391066 20.447383918270514 20.438680974446466 20.453999999999997 20.454 20.453999999999997 19.93599999999998 19.936000000000018 19.93600000000007 20.762 22.52203483405185 21.950326702394086 22.99374102905638 20.86 22.522034834051958 22.2639886344954 34.002423420283264 
13.921216819585116 17.560576921735795 15.024221749513881 21.409688702808022 20.47483781751669 19.726978974934397 21.883031888796555 21.138951706049742 22.92367057163564 21.900700602566204 20.453999999999983 20.45399999999938 20.45400000000012 19.936000000000064 19.935999999999904 19.935999999999655 20.762000000000146 22.914604488104356 23.219715913640986 23.781962028195164 23.80160572077669 22.914604488103965 23.052319590341405 34.31911664232155 
28.067223215836133 28.201636456783337 25.91278478458524 22.6004052643031 21.28193554678943 20.227190611063698 22.902608366659866 21.840841198436856 23.969849724642636 22.518373219002697 20.45400000000021 20.45399999999961 20.454000000000093 19.93600000000005 19.935999999999957 19.93599999999986 20.761999999999794 23.080456929951502 23.756006220766476 24.114968861691576 25.044372416333314 23.08045692995138 23.385372878238183 34.45291288370199 
-13.97627823970904 -17.580031578039545 -15.060612546002867 -21.391229132135752 -20.462325454747308 -19.71922423938537 -21.867225487292185 -21.12807037701826 -22.907451751274913 -21.891124880111214 -20.454000000000082 -20.45399999999937 -20.454000000000104 -19.936000000000046 -19.935999999999904 -19.93599999999966 -20.76200000000012 -22.912033292766655 -23.211401853733406 -23.776799453510268 -23.78233922160496 -22.912033292766253 -23.047156295478132 -34.317042411347565 
24.95450253881701 22.833805882698663 21.675264803490215 23.290274939774402 21.749546619459654 20.517 23.49332400516446 22.24749740192656 24.575978249357167 22.87623639251378 20.454000000000054 20.453999999999812 20.45400000000005 19.936 19.935999999999996 19.93599999999998 20.761999999999897 23.176547447151933 24.066718637221037 24.307904211364352 25.764398562499892 23.176547447151897 23.578335142362146 34.53043088639472 
18.508 18.508 18.033303689007173 18.508 18.508 18.508 19.398398985270575 19.428498625493397 20.374208904963442 20.39547785593935 20.453999999999997 20.454000000000008 20.454 19.93599999999998 19.93600000000002 19.936000000000075 20.762 22.510434283033167 21.912815870480234 22.970448862124666 20.77307466869007 22.51043428303327 22.240693218310028 33.99306504058779 
15.955806628095022 18.27945132335083 16.36890816503679 20.727583986388648 20.012490030015645 19.44043159057361 21.29896516226394 20.736872698631547 22.32436444155811 21.5468654259181 20.454000000000118 20.453999999999574 20.454000000000068 19.936000000000018 19.935999999999964 19.935999999999826 20.762000000000082 22.819595535955745 22.91250077975504 23.591198298965008 23.08968396554094 22.81959553595561 22.861529249600476 34.242471158220475 
25.55247072803279 31.493364152289622 26.41557303336709 23.67038884473261 22.007197415188376 20.67668317269071 23.818804651807557 22.47156244345516 24.909951300539998 23.073416777680062 20.45400000000012 20.453999999999844 20.45400000000004 19.936 19.936 19.936 20.7619999999999 23.22949272510975 24.237919248201504 24.414210390308234 26.16112849544613 23.229492725109743 23.684656151001537 34.573142824251455 
-24.964857502202282 -29.939111165174108 -25.180706569722034 -24.401042648261893 -22.50245299891215 -20.98362568640611 -24.444442570712685 -22.90225959158738 -25.55191329387955 -23.452436320306294 -20.454000000000082 -20.45399999999993 -20.454000000000022 -19.935999999999993 -19.936000000000007 -19.93600000000004 -20.76199999999993 -23.33126397897395 -24.567000547116816 -24.618551807369908 -26.923721577940633 -23.331263978973944 -23.889026073659142 -34.65524358258754 
-27.236209687173393 -27.65422010229321 -25.233730266609214 -22.858694092298425 -21.457010231490003 -20.335695927461767 -23.123773690159066 -21.993094236845316 -24.196785668965724 -22.652358032301997 -20.45400000000013 -20.453999999999674 -20.454000000000075 -19.936000000000003 -19.93599999999997 -19.935999999999908 -20.761999999999823 -23.11643344544656 -23.872337679798683 -24.18720431009256 -25.31395189783803 -23.116433445446543 -23.45761840347291 -34.48193580611173 
-18.77625365553502 -19.05180111192823 -18.22552421541409 -19.327801089026046 -19.06368186317764 -18.852392660103046 -20.100371170698143 -19.91174525936254 -21.094496869948888 -20.82074168445322 -20.45399999999999 -20.453999999999958 -20.454000000000004 -19.935999999999982 -19.936000000000018 -19.936000000000046 -20.762 -22.624622677518254 -22.282048475478355 -23.199722035590913 -21.62871195750306 -22.624622677518335 -22.46999837534826 -34.08518293659871 
-12.208 -12.208 -12.208 -12.208 -12.208 -14.603474942724526 -23.0360971324478 -13.949727416431251 -12.208 -15.574082202827949 -20.453999999999997 -20.454000000000022 -20.454 -19.93599999999998 -19.93600000000002 -19.93600000000008 -20.761999999999997 -23.102171277276767 -23.826220405534574 -24.158568015033282 -25.20708251798254 -23.102171277276813 -23.428978113655347 -34.47043025048876 
-23.68150758889207 -27.14608856459882 -22.831065309309967 -25.883664524625317 -23.507411515891338 -21.606464688163477 -25.713969206679945 -23.776217970813914 -26.85456427649494 -24.221531975119294 -20.453999999999997 -20.45400000000003 -20.454 -19.93599999999998 -19.93600000000002 -19.936000000000085 -20.761999999999993 -23.537775307095632 -25.23476294090331 -25.033195587665507 -28.47115372899277 -23.537775307095636 -24.303727696697667 -34.82184010174201 
26.877436555629657 29.202151120575067 25.853283296995052 23.1130035909264 21.629387626339852 20.442529555636256 23.34153162792774 22.14300158732096 24.420225322432124 22.78427860725816 20.454000000000157 20.45399999999972 20.454000000000068 19.936000000000057 19.935999999999982 19.935999999999932 20.761999999999844 23.151855688402005 23.986876877063846 24.25832686234759 25.579378100411084 23.151855688401962 23.528750877312966 34.51051158658203 
24.69254608829889 29.349561763014524 24.683928931739917 24.71505478348347 22.715298347248556 21.115539971470373 24.71332216573023 23.08735974499187 25.827808465143896 23.615327056378415 20.454000000000065 20.45399999999997 20.454000000000033 19.935999999999986 19.93600000000001 19.93600000000004 20.76199999999994 23.37500207843461 24.70842938911386 24.706371352516726 27.251460215558915 23.375002078434605 23.976857869618872 34.69052791875864 
24.701802876870712 29.369602546800294 24.70081608860232 24.70438044595547 22.708063011939604 21.11105575750027 24.70418203632222 23.08106756296352 25.818429852504153 23.609789847774067 20.454000000000065 20.45399999999997 20.454000000000033 19.935999999999986 19.93600000000001 19.93600000000003 20.76199999999994 23.37351527208508 24.703621743082582 24.703386068314916 27.240319267657533 23.373515272085076 23.97387216897038 34.68932848449641 
25.32886936812589 30.44430944488742 25.68142740629134 24.03449367494614 22.253996856117897 20.829641045902132 24.130577186402967 22.686190645261068 25.229858569152558 23.262292611281335 20.454000000000104 20.453999999999883 20.454000000000033 19.935999999999996 19.936000000000003 19.936000000000014 20.761999999999915 23.280208132228502 24.40190948528676 24.516039322978468 26.541149544378577 23.280208132228484 23.786499288792058 34.61405588393849 
-13.114160290424877 -17.275422500415516 -14.490827771631055 -21.68025776918926 -20.658236357647628 -19.840643132935632 -22.114712428599727 -21.298443553899244 -23.161396094112387 -22.04105566989523 -20.453999999999947 -20.45399999999944 -20.454000000000082 -19.93600000000006 -19.93600000000011 -19.935999999999698 -20.762000000001184 -22.95229149255097 -23.341578305078652 -23.85763188192131 -24.084002250244716 -22.952291492550476 -23.127999999999997 -34.34951944789803 
13.691999999999998 17.479588555761378 14.872729423042806 21.48653459728157 20.526925903749135 19.759261393645463 21.94883282661772 21.184249913539485 22.991188380150863 21.940563661699503 20.453999999999592 20.453999999999407 20.454000000000146 19.93600000000012 19.935999999999915 19.935999999999666 20.762000000000285 22.92530819346678 23.25432676032038 23.803453463531927 23.881810801843148 22.925308193466353 23.07381402372994 34.327751519989754 
-14.06213126333474 -17.61036572240989 -15.11735390689939 -21.36244654800551 -20.442815892988175 -19.7071328786322 -21.84257978511563 -21.11110396030916 -22.882162996200467 -21.87619419499063 -20.454000000000065 -20.45399999999938 -20.4540000000001 -19.936000000000046 -19.935999999999904 -19.935999999999655 -20.76200000000012 -22.908024226280933 -23.19843838166773 -23.76874984917035 -23.752298456131616 -22.908024226280556 -23.03910556821966 -34.313808223045854 
-25.77738697180266 -26.6259697796008 -24.0069246019583 -23.308068925285397 -21.761607831812743 -20.524475127913494 -23.508560485164107 -22.25798638970216 -24.591612277884554 -22.885466849150394 -20.454000000000093 -20.453999999999784 -20.454000000000057 -19.936 -19.936 -19.935999999999968 -20.761999999999876 -23.17902593451208 -24.074732922285417 -24.312880642332026 -25.782970381595543 -23.179025934512055 -23.5833122675412 -34.53243032812372 
-16.846563252824904 -18.59417920260639 -16.95762060613987 -20.4289541139845 -19.81007116753868 -19.314979285715502 -21.043256958198807 -20.560839899280786 -22.061984327702234 -21.39195408883016 -20.454000000000054 -20.453999999999642 -20.45400000000004 -19.936000000000007 -19.93599999999997 -19.935999999999886 -20.762000000000093 -22.778 -22.778 -23.507680700056728 -22.778 -22.778 -22.778 -34.20891526777339 
22.449775609516927 21.65960673142668 20.161923279103185 22.926902347663333 21.50324350799154 20.364349734854507 23.182178465077694 22.033300831162382 24.256714334724226 22.68774040029489 20.45400000000001 20.453999999999912 20.454000000000022 19.93599999999999 19.93600000000001 19.93600000000003 20.76199999999996 23.125934031960682 23.90305819499162 24.20628006319071 25.385141760203737 23.125934031960725 23.476696817635936 34.48960010548799 
-24.55732076735613 -29.05680133121373 -24.43723741569076 -24.870987989354614 -22.820993808659416 -21.181046412346472 -24.84684330246857 -23.179277403865896 -25.964813420411815 -23.696215887838743 -20.454000000000054 -20.453999999999986 -20.45400000000003 -19.935999999999993 -19.93600000000001 -19.936000000000067 -20.761999999999947 -23.39672169147695 -24.778660600782416 -24.749981078628828 -27.41420977431593 -23.396721691476948 -24.02047367928099 -34.708049533495966 
17.227651156777675 18.62542123545087 17.20604859294864 20.091686886123235 19.58146293064386 19.173295700119493 20.754464693606756 20.362031609367495 21.7656569277214 21.217 20.45400000000004 20.453999999999716 20.454000000000033 19.936000000000003 19.935999999999982 19.935999999999925 20.76200000000007 22.731022746886474 22.626097228961168 23.41335742008919 22.425989713217493 22.731022746886495 22.683663561949558 34.17101784626494 
-14.059289711555586 -17.609361726996983 -15.115475889000917 -21.363399190087176 -20.443461617827978 -19.70753307685714 -21.843395505237186 -21.111665512477614 -22.882999999999996 -21.876688368789956 -20.454000000000065 -20.45399999999938 -20.4540000000001 -19.936000000000046 -19.935999999999904 -19.935999999999655 -20.76200000000012 -22.908156917821945 -23.198867444915088 -23.769016273887477 -23.753292741329425 -22.908156917821568 -23.039372030102992 -34.31391526777339 
-25.31807788764186 -30.888886596295553 -25.931946622220252 -23.95892413903571 -22.202773917924347 -20.797894816428435 -24.06586915785202 -22.641644810496253 -25.163462185975646 -23.223091650718484 -20.454000000000107 -20.453999999999876 -20.454000000000036 -19.935999999999996 -19.936000000000003 -19.936000000000014 -20.76199999999991 -23.26968220820484 -24.36787350146554 -24.494904845911435 -26.462276615702567 -23.269682208204834 -23.76536186346876 -34.60556442577407 
-22.503218218790476 -25.99719547190814 -21.738726687546237 -24.764539171221504 -22.36415902562986 -20.897915800065277 -26.467532278756135 -22.781992759967373 -25.372653377035437 -23.346599818459694 -20.453999999999997 -20.454000000000025 -20.454 -19.93599999999998 -19.93600000000002 -19.936000000000085 -20.761999999999993 -23.660355886682577 -25.63113200211278 -25.27931901040005 -29.38967539883378 -23.66035588668257 -24.54988545361134 -34.92072812914867 
24.703 29.37219429723435 24.703 24.703 22.707127310839887 21.110475841882817 24.703 23.080253834035673 25.81721697462274 23.609073754882832 20.454000000000065 20.45399999999997 20.454000000000033 19.93599999999999 19.93600000000001 19.93600000000003 20.76199999999994 23.3733229926292 24.703 24.703 27.238878477872667 23.373322992629195 23.973486046798993 34.68917336909259 
-18.515183900043077 -18.552834045875652 -18.03945779893529 -18.591284684063606 -18.564452460278634 -18.54298730884169 -19.46971327414793 -19.477592294391066 -20.447383918270514 -20.438680974446466 -20.453999999999997 -20.454 -20.453999999999997 -19.93599999999998 -19.936000000000018 -19.93600000000007 -20.762 -22.52203483405185 -21.950326702394086 -22.99374102905638 -20.86 -22.522034834051958 -22.2639886344954 -34.002423420283264 
-13.798793422325899 -17.517321496941896 -14.94331056115144 -21.450731657177176 -20.50265776757467 -19.74422083082222 -21.918175794751996 -21.163145220560132 -22.959731448445915 -21.92199123530895 -20.4539999999998 -20.453999999999407 -20.454000000000132 -19.93600000000014 -19.93599999999991 -19.93599999999966 -20.762000000000214 -22.920321276148535 -23.238201369639267 -23.79344048134997 -23.844442797564405 -22.92032127614814 -23.063799644738587 -34.323728481282366 
25.608033831086882 31.227948748161722 26.294214451239423 23.678863829158203 22.01294197347093 20.68024345392204 23.826061538164915 22.476558176872178 24.917397532762543 23.077813093288402 20.45400000000012 20.45399999999984 20.45400000000004 19.936 19.936 19.935999999999996 20.761999999999897 23.230673188124253 24.24173632117039 24.416580583029788 26.169973949293063 23.230673188124246 23.68702667436461 34.57409512566269 
-18.508 -18.508 -18.033303689007173 -18.508 -18.508 -18.508 -19.398398985270575 -19.428498625493397 -20.374208904963442 -20.39547785593935 -20.453999999999997 -20.454000000000008 -20.454 -19.93599999999998 -19.93600000000002 -19.936000000000075 -20.762 -22.510434283033167 -21.912815870480234 -22.970448862124666 -20.77307466869007 -22.51043428303327 -22.240693218310028 -33.99306504058779 
-23.818477399906936 -27.447 -23.083465130252527 -25.72489695100627 -23.39979484850482 -21.53976754937118 -25.578021082043033 -23.68262954241829 -26.715069008632316 -24.139172843001763 -20.454000000000008 -20.45400000000009 -20.454 -19.93599999999998 -19.936000000000018 -19.936000000000114 -20.761999999999986 -23.51566090084449 -25.16325515007294 -24.988793175989752 -28.305445902958777 -23.515660900844498 -24.259319090892387 -34.803999999999995 
-24.138449084661783 -28.1499515353339 -23.67308991939698 -25.354004068560812 -23.148394294497916 -21.383958063254696 -25.26043613279751 -23.464000000000002 -26.38919766849825 -23.946775773433693 -20.454000000000025 -20.454000000000043 -20.453999999999997 -19.935999999999982 -19.936000000000014 -19.936000000000092 -20.761999999999965 -23.464000000000002 -24.996207622332665 -24.885065833695887 -27.918340073723176 -23.464000000000002 -24.15557727865039 -34.762324192985595 
18.71214546984599 18.97820510261852 18.18146056649026 19.246077037360568 19.00828723891598 18.818060961933543 20.03039320663156 19.863571533562286 21.02269304868973 20.77834812879911 20.45399999999999 20.453999999999958 20.454000000000004 19.935999999999982 19.936000000000018 19.936000000000046 20.762 22.613239503751572 22.24524054134485 23.176866329585298 21.543415478962228 22.613239503751657 22.44713948097522 34.07599991916474 
-13.921216819585116 -17.560576921735795 -15.024221749513881 -21.409688702808022 -20.47483781751669 -19.726978974934397 -21.883031888796555 -21.138951706049742 -22.92367057163564 -21.900700602566204 -20.453999999999983 -20.45399999999938 -20.45400000000012 -19.936000000000064 -19.935999999999904 -19.935999999999655 -20.762000000000146 -22.914604488104356 -23.219715913640986 -23.781962028195164 -23.80160572077669 -22.914604488103965 -23.052319590341405 -34.31911664232155 
12.830613956357759 17.1752380797622 14.303428374466739 21.775317859916946 20.722670485677412 19.88057720713192 22.19610966084099 21.35447845001535 23.24491713380336 22.090367165894516 20.454000000000445 20.453999999999457 20.454000000000164 19.93600000000005 19.935999999999932 19.93599999999972 20.761999999999738 22.96553221555696 23.38439269676541 23.884217268258222 24.183217729942598 22.96553221555648 23.15458909499408 34.36020098476077 
19.2829053723105 19.732447931367872 18.577054268309176 20.174275225029948 19.637443390605167 19.207990479268112 20.825182722076427 20.41071480497172 21.838220123060655 21.25984189624077 20.45399999999999 20.453999999999926 20.454000000000008 19.93599999999998 19.93600000000002 19.936000000000032 20.762 22.742526305431547 22.663294431947598 23.436454840678163 22.512188259835348 22.74252630543161 22.706764204624935 34.18029798033332 
-18.49902723887228 -18.482252869657845 -18.02662288073224 -18.465266533514082 -18.47903417817468 -18.49004797188548 -19.361807542222294 -19.40330860792778 -20.336662722085737 -20.373310286504843 -20.453999999999997 -20.45400000000001 -20.454 -19.93599999999998 -19.93600000000002 -19.936000000000075 -20.762 -22.504482027060185 -21.893569019796075 -22.95849762467745 -20.728473181945244 -22.504482027060295 -22.228740313667046 -33.98826324528082 
14.065478052136255 17.61154823142815 15.11956584240511 21.361324523105548 20.442055356200296 19.706661523878985 21.84161902733953 21.110442562363623 22.881177170440104 21.875612155504438 20.454000000000086 20.45399999999938 20.4540000000001 19.936000000000046 19.935999999999904 19.935999999999655 20.762000000000114 22.90786794175826 23.19793302959853 23.768436053283803 23.751127383835858 22.907867941757857 23.038791728558646 34.31368214542238 
-17.957560940778748 -18.685260094697615 -17.681870618026313 -19.445708236878666 -19.143602302998634 -18.901924621987085 -20.201331683392695 -19.981247768046156 -21.198091633021264 -20.881904868762362 -20.454000000000015 -20.45399999999986 -20.454000000000015 -19.935999999999993 -19.936 -19.935999999999996 -20.762000000000032 -22.641045719755994 -22.33515301990052 -23.232697041753205 -21.75177321427709 -22.641045719756054 -22.50297798151885 -34.09843170941694 
20.694470515593416 21.22246957407064 19.542932059814635 21.709415586006095 20.67800026158944 19.852892126295956 22.139679431775562 21.31563115832732 23.187014533529243 22.056181003316745 20.453999999999997 20.45399999999993 20.45400000000001 19.935999999999982 19.936000000000014 19.936000000000035 20.76199999999999 22.956352824419668 23.35471077928921 23.865786427313765 24.11443465105884 22.956352824419717 23.13615568294994 34.352795799655276 
18.51773117792802 18.568731368063727 18.04163993232069 18.620815890316177 18.584469457001347 18.55539316047267 19.495 19.495 20.4733304225384 20.453999999999997 20.453999999999997 20.453999999999997 20.453999999999997 19.93599999999998 19.936000000000018 19.93600000000007 20.762 22.52614817456131 21.963627348562206 23.002 20.890822112328912 22.526148174561413 22.27224875756418 34.00574172837417 
14.052969263958415 17.607128545662174 15.111298624380602 21.365518146496903 20.44489789994752 19.70842323551191 21.845209906903243 21.11291456979899 22.884861742830868 21.87778755678486 20.454000000000065 20.45399999999938 20.4540000000001 19.936000000000046 19.9359999999999 19.935999999999652 20.76200000000012 22.90845206286828 23.19982180787645 23.76960888088324 23.755504324287536 22.908452062867905 23.039964719767344 34.314153366757175 
-13.96415289421018 -17.575747372715497 -15.052598750146991 -21.395294204770238 -20.465080863547954 -19.72093194775127 -21.870706292525735 -21.130466607876386 -22.911023377288444 -21.893233596938828 -20.45400000000006 -20.45399999999936 -20.454000000000104 -19.93600000000005 -19.9359999999999 -19.935999999999652 -20.76200000000012 -22.91259950830821 -23.213232733660778 -23.77793632941316 -23.786581991923715 -22.912599508307814 -23.04829332997504 -34.31749918792807 
24.701802876870712 29.369602546800294 24.70081608860232 24.70438044595547 22.708063011939604 21.11105575750027 24.70418203632222 23.08106756296352 25.818429852504153 23.609789847774067 20.454000000000065 20.45399999999997 20.454000000000033 19.935999999999986 19.93600000000001 19.93600000000003 20.76199999999994 23.37351527208508 24.703621743082582 24.703386068314916 27.240319267657533 23.373515272085076 23.97387216897038 34.68932848449641 
13.96415289421018 17.575747372715497 15.052598750146991 21.395294204770238 20.465080863547954 19.72093194775127 21.870706292525735 21.130466607876386 22.911023377288444 21.893233596938828 20.45400000000006 20.45399999999936 20.454000000000104 19.93600000000005 19.9359999999999 19.935999999999652 20.76200000000012 22.91259950830821 23.213232733660778 23.77793632941316 23.786581991923715 22.912599508307814 23.04829332997504 34.31749918792807 
18.78926014521255 19.101444691219562 18.235618051695553 19.414709922214108 19.122590863176544 18.888902448451397 20.174788714639764 19.962975248751206 21.17085610810343 20.86582479501256 20.453999999999986 20.45399999999995 20.454000000000004 19.935999999999982 19.936000000000014 19.936000000000043 20.762 22.636728028756696 22.321191598493108 23.224027765668616 21.719419861406045 22.636728028756774 22.494307496071528 34.09494854799544 
-18.54410788162926 -18.73334590010054 -18.0642356161617 -18.926607371437207 -18.79174263856672 -18.68385400668262 -19.756840484431027 -19.675254339614455 -20.742002819531965 -20.612626351842184 -20.453999999999997 -20.45399999999997 -20.453999999999997 -19.935999999999982 -19.936000000000014 -19.936000000000053 -20.762000000000004 -22.568741236151304 -22.10135366616773 -23.08752048080206 -21.209980744039626 -22.568741236151396 -22.357781168459997 -34.040102341254524 
14.362728163387743 17.7165745590752 15.316022241105587 21.261670183939593 20.374507130657857 19.664797438290922 21.75628787178475 21.051699503105663 22.793619563941775 21.82391743788447 20.454000000000082 20.453999999999382 20.454000000000093 19.93600000000004 19.935999999999897 19.93599999999968 20.76200000000011 22.89398729540981 23.15304942094988 23.74056579683247 23.64711682600201 22.893987295409453 23.010917584210844 34.30248437052896 
-23.408956193441767 -20.793682490177755 -20.02350723110814 -23.143762650959605 -21.650236893335936 -20.45545121998675 -23.367869729794403 -22.161133073630243 -24.447250635100236 -22.80023456999889 -20.454000000000022 -20.453999999999876 -20.454000000000033 -19.935999999999996 -19.936000000000003 -19.93600000000001 -20.761999999999933 -23.1561400541195 -24.000730539879473 -24.26692922626356 -25.611481740044507 -23.15614005411955 -23.53735444125749 -34.51396786388119 
14.227938418579514 17.668949776557586 15.226937975551264 21.306859007885386 20.40513725572251 19.683780944770653 21.794981767080518 21.07833687569839 22.833323056015324 21.847358700081447 20.45400000000008 20.453999999999372 20.454000000000097 19.93600000000004 19.9359999999999 19.935999999999666 20.762000000000118 22.90028155303414 23.173402147246062 23.75320372231213 23.69428100195054 22.900281553033782 23.023557272679152 34.307562064912155 
20.694470515593416 21.22246957407064 19.542932059814635 21.709415586006095 20.67800026158944 19.852892126295956 22.139679431775562 21.31563115832732 23.187014533529243 22.056181003316745 20.453999999999997 20.45399999999993 20.45400000000001 19.935999999999982 19.936000000000014 19.936000000000035 20.76199999999999 22.956352824419668 23.35471077928921 23.865786427313765 24.11443465105884 22.956352824419717 23.13615568294994 34.352795799655276 
12.208 12.208 12.208 12.208 12.208 14.603474942724526 23.0360971324478 13.949727416431251 12.208 15.574082202827949 20.453999999999997 20.454000000000022 20.454 19.93599999999998 19.93600000000002 19.93600000000008 20.761999999999997 23.102171277276767 23.826220405534574 24.158568015033282 25.20708251798254 23.102171277276813 23.428978113655347 34.47043025048876 
-24.70675651239638 -29.380327080233588 -24.70985300453835 -24.698668229760678 -22.70419112767343 -21.108656095732627 -24.699290829248252 -23.077700393432988 -25.813411024603607 -23.606826691270847 -20.454000000000065 -20.453999999999965 -20.454000000000022 -19.935999999999993 -19.936000000000007 -19.936000000000057 -20.76199999999994 -23.372719629331044 -24.70104900136005 -24.701788536972213 -27.234357351720305 -23.37271962933104 -23.9722744147723 -34.68868662472766 
-24.599808308748887 -29.148786108011286 -24.514747425844977 -24.821994069482457 -22.787784493566562 -21.160464411883748 -24.804891212546153 -23.150397048405036 -25.921766721262752 -23.670800769198816 -20.454000000000057 -20.45399999999998 -20.454000000000022 -19.935999999999996 -19.936000000000007 -19.93600000000004 -20.761999999999944 -23.389897429927874 -24.756594086227096 -24.73627898474288 -27.363074169193066 -23.38989742992787 -24.006769673955077 -34.702544275115145 
14.054419142647598 17.607640826157606 15.112256867742161 21.36503206862116 20.444568424098733 19.708219037621852 21.84479369234426 21.112628042371306 22.88443466844828 21.87753540862214 20.454000000000065 20.45399999999938 20.4540000000001 19.936000000000046 19.9359999999999 19.935999999999652 20.76200000000012 22.908384358088465 23.199602881843422 23.769472939837765 23.754996998350403 22.90838435808809 23.039828759758116 34.314098748055386 
15.804802039819464 18.226097407694866 16.269107302137318 20.778208904213795 20.046804876674006 19.4616987617822 21.342313829005793 20.76671447544351 22.368844156852624 21.573126608857113 20.454000000000065 20.45399999999954 20.45400000000006 19.93600000000002 19.93599999999993 19.935999999999797 20.7620000000001 22.826646975829107 22.935301884238317 23.605356532860494 23.14252186489742 22.826646975828965 22.875689458567383 34.24815968556948 
-23.702454861739007 -27.192108004162968 -22.86966569779431 -25.85938364361072 -23.490953322089943 -21.596264461164257 -25.69317818390859 -23.761905164726254 -26.833230776688495 -24.208936504634814 -20.453999999999997 -20.45400000000004 -20.454 -19.93599999999998 -19.93600000000002 -19.93600000000009 -20.761999999999993 -23.5343932735062 -25.2238270040417 -25.02640497135712 -28.445811450872597 -23.534393273506204 -24.29693613309936 -34.81911175250915 
14.238962658143 17.672844932026422 15.234224036417432 21.303163085606734 20.402632066347365 19.68222831386772 21.791817054720596 21.07615824721874 22.830075770335327 21.845441476404684 20.45400000000008 20.453999999999418 20.454000000000093 19.93600000000004 19.935999999999886 19.935999999999666 20.762000000000114 22.899766755680503 23.171737530024714 23.752170086420378 23.69042351876283 22.89976675568014 23.022523492595358 34.30714676833755 
24.737605236277563 29.44711402265676 24.7661303230862 24.663095451095487 22.68007900072985 21.093712222107943 24.668830878028864 23.05673137329208 25.782156315752125 23.588373658884645 20.454000000000068 20.45399999999996 20.454000000000022 19.935999999999993 19.936000000000007 19.936000000000053 20.761999999999937 23.36776477072263 24.68502727376126 24.691839923872337 27.19722956999365 23.367764770722623 23.962324413842442 34.68468944837625 
12.830613956357759 17.1752380797622 14.303428374466739 21.775317859916946 20.722670485677412 19.88057720713192 22.19610966084099 21.35447845001535 23.24491713380336 22.090367165894516 20.454000000000445 20.453999999999457 20.454000000000164 19.93600000000005 19.935999999999932 19.93599999999972 20.761999999999738 22.96553221555696 23.38439269676541 23.884217268258222 24.183217729942598 22.96553221555648 23.15458909499408 34.36020098476077 
-13.691999999999997 -17.479588555761378 -14.872729423042806 -21.48653459728157 -20.526925903749135 -19.759261393645463 -21.94883282661772 -21.184249913539485 -22.991188380150863 -21.940563661699503 -20.453999999999592 -20.453999999999407 -20.454000000000146 -19.93600000000012 -19.935999999999915 -19.935999999999666 -20.762000000000285 -22.92530819346678 -23.25432676032038 -23.803453463531927 -23.881810801843148 -22.925308193466353 -23.07381402372994 -34.327751519989754 
13.691999999999998 17.479588555761378 14.872729423042806 21.48653459728157 20.526925903749135 19.759261393645463 21.94883282661772 21.184249913539485 22.991188380150863 21.940563661699503 20.453999999999592 20.453999999999407 20.454000000000146 19.93600000000012 19.935999999999915 19.935999999999666 20.762000000000285 22.92530819346678 23.25432676032038 23.803453463531927 23.881810801843148 22.925308193466353 23.07381402372994 34.327751519989754 
14.057947898867846 17.6088876290786 15.114589067841274 21.36384903838536 20.443766536354957 19.70772205495698 21.843780697446874 21.111930683723127 22.883395242601633 21.876921723212263 20.45400000000006 20.45399999999938 20.4540000000001 19.936000000000046 19.935999999999904 19.935999999999655 20.76200000000012 22.908219576258993 23.199070053402945 23.769142082633383 23.753762253975097 22.908219576258617 23.039497856399198 34.313965815496864 
17.957560940778748 18.685260094697615 17.681870618026313 19.445708236878666 19.143602302998634 18.901924621987085 20.201331683392695 19.981247768046156 21.198091633021264 20.881904868762362 20.454000000000015 20.45399999999986 20.454000000000015 19.935999999999993 19.936 19.935999999999996 20.762000000000032 22.641045719755994 22.33515301990052 23.232697041753205 21.75177321427709 22.641045719756054 22.50297798151885 34.09843170941694 

