2430 2430 2430 2430 2430 2430 2430 2430 2430 2430 2430 2430 2430 2430 2430 2430 2430 2430 2430 2430 2430 2430 2430 2430 
0 0 91 91 0 0 161 224 304 304 304 304 304 304 304 304 304 304 304 304 304 304 304 304 
0 0 0 0 0 0 0 0 0 0 0 0 0 0 0 0 0 0 0 0 0 0 0 0 
0 0 0 0 0 0 0 0 0 0 0 0 0 0 0 0 0 0 0 0 0 0 0 0 
0 0 0 114 0 0 0 0 0 0 114 0 0 0 0 0 114 114 114 114 114 114 114 114 
842 842 842 842 842 842 842 842 842 842 842 842 842 842 842 842 842 842 842 842 842 842 842 842 
0 0 0 0 0 0 0 0 0 0 0 0 0 0 0 0 0 0 0 0 0 0 0 0 
0 0 0 114 0 0 114 114 0 0 114 114 114 114 0 114 114 0 114 156 114 114 114 114 
92 92 92 92 92 92 92 92 92 92 92 92 92 92 92 92 92 92 92 92 92 92 92 92 
0 0 0 0 0 0 0 0 0 0 0 0 0 0 0 0 0 0 0 0 0 0 0 0 
0 0 0 0 0 0 0 0 0 0 0 0 0 0 0 0 78 78 78 78 0 78 78 78 
0 0 0 0 0 0 0 0 0 0 0 0 0 0 0 0 0 0 0 0 0 0 0 0 
0 0 0 0 0 0 0 0 0 0 0 0 0 0 0 0 0 0 0 0 0 0 0 0 
0 0 0 0 0 0 0 0 0 0 0 0 0 0 0 0 0 0 0 0 0 0 0 0 
0 0 0 0 0 0 0 0 0 0 0 0 0 0 0 0 0 0 0 0 0 0 0 0 
0 0 0 0 0 0 0 0 0 0 0 0 0 0 0 0 0 0 0 0 0 0 0 0 
0 0 0 0 0 0 0 0 0 767 825 834 429 0 0 0 914 914 914 914 914 914 914 914 
1530 1530 1530 1530 1530 1530 1530 1530 1530 1530 1530 1530 1530 1530 1530 1530 1530 1530 1530 1530 1530 1530 1530 1530 
0 0 0 0 0 0 0 0 0 0 0 0 0 0 0 0 0 0 0 0 0 0 0 0 
0 0 0 0 0 0 0 0 0 0 0 0 0 0 0 0 0 0 0 0 0 0 0 0 
0 0 0 0 0 0 0 0 0 0 0 0 0 0 0 0 0 0 0 0 0 0 0 0 
54 54 54 54 54 49 54 54 54 54 0 0 0 0 0 0 0 54 54 54 54 54 54 54 
0 0 0 0 0 0 0 0 0 0 0 0 0 0 0 0 0 0 0 0 0 0 0 0 
44 44 44 44 44 44 44 44 44 44 44 44 44 44 0 44 44 44 44 44 44 44 44 44 
639 639 639 639 639 639 639 639 639 639 639 639 0 0 0 0 639 639 639 639 639 639 639 639 
0 0 0 0 0 0 0 0 0 0 0 0 0 0 0 0 0 0 0 0 0 0 0 0 
0 0 0 0 0 0 0 0 0 0 0 0 0 0 0 0 0 0 0 0 0 0 0 0 
0 0 0 0 0 0 0 0 0 0 0 0 0 0 0 0 0 0 0 0 0 0 0 0 
0 0 0 0 0 0 0 0 0 0 0 0 0 0 0 0 0 0 0 0 0 0 0 0 
0 0 60 0 0 0 0 0 0 0 0 0 0 0 0 0 0 0 0 0 0 0 0 0 
0 0 0 0 0 0 0 0 0 0 0 0 0 0 0 0 0 0 0 0 0 0 0 0 
0 0 0 0 0 0 0 0 0 0 0 0 0 0 0 0 0 0 0 0 0 0 0 0 
0 0 0 0 0 0 0 0 0 0 0 0 0 0 0 0 0 0 0 0 0 0 0 0 
0 0 0 0 0 0 0 0 0 0 0 0 0 0 0 0 0 0 0 0 820 861 861 861 
135 135 135 135 135 135 449 450 450 450 450 450 450 450 450 450 450 450 450 450 450 450 450 450 
0 0 0 0 0 0 0 0 0 0 0 0 0 0 0 0 0 0 0 0 0 0 0 0 
114 114 114 114 114 114 114 114 114 114 114 114 114 114 114 114 114 114 114 114 114 114 114 114 
0 0 0 0 0 0 0 0 0 0 0 0 0 0 0 0 0 0 0 136 136 136 136 0 
168 168 168 168 50 50 168 155 168 168 50 50 50 50 50 50 50 114 168 168 168 157 168 50 
2094 2183 2459 2523 2601 2708 2708 2708 2697 2708 2708 2708 2708 2708 2708 2708 2708 2708 2708 2708 2708 2708 2708 2708 
0 0 0 0 0 0 0 0 0 0 0 0 0 0 0 0 0 0 0 0 0 0 0 0 
150 150 150 150 150 150 150 150 150 150 150 150 150 150 150 150 150 150 150 150 150 150 150 150 
0 0 0 0 0 0 0 0 0 0 0 0 0 0 0 0 0 0 0 0 0 0 0 0 
0 0 0 74 74 74 74 74 249 74 74 74 74 74 74 74 74 74 249 249 249 74 158 74 
0 0 0 0 0 0 0 0 0 0 0 0 0 0 0 0 0 0 0 0 0 0 0 0 
0 0 0 0 0 0 0 0 0 0 0 0 0 0 0 0 0 0 0 0 0 0 0 0 
0 0 0 0 0 0 0 0 0 0 0 0 0 0 0 0 0 0 0 0 0 0 0 0 
0 0 0 0 0 0 0 0 0 0 0 0 0 0 0 0 0 0 0 0 0 0 0 0 
0 225 67 225 225 225 225 225 225 225 225 225 225 225 225 225 225 225 225 225 225 225 225 225 
1097 1097 485 329 0 0 0 0 0 0 0 0 0 0 0 0 0 0 0 0 0 0 0 0 
0 0 72 72 0 72 72 72 243 112 72 72 72 72 72 72 72 243 243 243 243 243 243 243 
0 0 0 0 0 0 13 0 0 0 0 0 0 0 0 0 0 0 0 0 0 0 0 0 
0 0 0 0 0 0 0 0 0 0 0 0 0 0 0 0 0 0 0 0 0 0 0 0 
0 107 62 209 209 209 209 209 209 209 209 209 209 209 209 209 209 209 209 209 209 209 209 209 
0 0 0 0 0 0 0 0 0 0 0 0 0 0 0 0 0 0 0 0 0 0 0 0 
194 201 127 108 60 60 99 60 201 0 0 0 0 0 0 0 0 60 147 190 201 60 60 60 
0 0 0 0 0 0 0 0 0 0 0 0 0 0 0 0 0 0 0 0 0 0 0 0 
0 0 0 0 0 0 0 0 0 0 0 0 0 0 0 0 0 0 0 0 0 0 0 0 
0 0 0 0 0 0 0 0 0 0 0 0 0 0 0 0 0 0 0 0 0 0 0 0 
0 0 0 0 0 0 0 0 0 0 0 0 0 0 0 0 0 0 0 0 0 0 0 0 
0 0 0 0 0 0 0 0 0 0 0 0 0 0 0 0 0 0 0 0 0 0 0 3 
40 40 40 0 0 0 0 0 0 0 0 0 0 0 0 0 0 0 0 0 0 0 0 0 
0 0 0 0 0 0 0 0 0 0 0 0 0 0 0 0 0 0 0 0 0 0 0 0 
0 0 0 0 0 0 0 0 0 0 0 0 0 0 0 0 0 0 0 0 0 0 0 0 
1175 1175 1175 1175 1175 1175 1175 1175 1175 1175 1175 1175 1175 1175 1175 1175 1175 1175 1175 1175 1175 1175 1175 1175 
0 0 0 0 0 0 0 0 0 0 0 0 0 0 0 0 0 0 927 927 927 927 927 927 
0 0 0 0 0 0 0 0 0 0 0 0 0 0 0 0 0 0 0 0 0 0 0 0 
0 0 0 0 0 0 0 0 0 0 0 0 0 0 0 0 0 0 0 0 418 0 0 0 
852 852 852 852 852 852 852 852 852 852 852 852 852 852 852 852 852 852 852 852 852 852 852 852 
0 0 0 0 0 0 0 0 786 555 0 0 0 0 0 0 0 1850 1850 1850 1850 1850 1850 1067 
1108 1108 1108 1108 1108 1108 1108 1108 1108 1108 1108 1108 1108 1108 1108 1108 1108 1108 1108 1108 1108 1108 1108 1108 
0 0 0 0 0 0 0 0 0 0 0 0 0 0 0 0 0 0 0 0 0 0 0 0 
0 0 0 0 0 0 0 0 0 0 0 0 0 0 0 0 0 0 0 0 0 32 0 0 
0 0 0 0 0 0 0 0 0 0 0 0 0 0 0 0 0 0 0 0 0 0 0 0 
1980 1980 1980 1980 1980 1980 1980 1980 1980 1980 1980 1980 1980 1980 1980 1980 1980 1980 1980 1980 1980 1980 1980 1980 
0 0 0 0 713 713 713 713 713 713 713 713 713 713 713 713 713 793 981 2379 996 1818 1410 1624 
0 0 0 0 0 0 0 0 0 0 0 0 0 0 0 0 0 0 0 0 0 0 0 0 
0 0 0 0 0 0 0 0 0 0 0 0 0 0 0 0 0 0 0 0 0 0 0 0 
1186 1186 1186 1186 1186 1186 1186 1186 1186 1186 1186 1186 1186 1186 1186 1186 1186 1186 1186 1186 1186 1186 1186 1186 
0 0 0 0 0 0 0 0 0 0 0 0 0 0 0 0 0 0 0 310 310 310 310 0 
1314 1314 1314 1314 1314 1314 1314 1314 1314 1314 1314 1314 1314 1314 1314 1314 1314 1314 1314 1314 1314 1314 1314 1314 
0 0 0 0 0 0 0 0 0 0 0 0 0 0 0 0 0 0 0 0 0 0 0 0 
0 0 0 0 0 0 0 0 0 0 0 0 0 0 0 0 0 0 0 0 0 0 0 0 
0 0 0 0 0 0 0 0 0 0 0 0 0 0 0 0 0 0 0 0 0 0 0 0 
0 0 0 0 0 0 0 0 0 0 0 0 0 0 0 0 0 0 427 427 0 0 0 0 
0 0 0 0 0 0 0 0 0 0 0 0 0 0 0 0 0 0 0 0 0 0 0 0 
236 236 236 0 236 236 0 236 0 236 236 236 0 236 0 236 236 236 236 236 236 0 236 0 
0 0 0 0 0 0 0 0 0 0 803 0 0 0 0 0 0 803 803 0 803 803 803 803 
510 253 190 256 334 476 634 634 634 634 634 634 634 634 634 634 634 634 634 634 634 634 634 634 
0 0 0 0 0 0 0 0 0 0 46 0 0 0 0 0 87 153 153 153 153 153 153 153 
590 590 590 590 590 590 590 590 590 590 590 590 590 590 590 590 590 590 590 590 590 590 590 590 
0 0 0 0 0 0 0 0 0 0 0 0 0 0 0 0 0 0 0 0 0 0 0 0 
69 69 69 69 69 69 69 69 230 230 230 230 230 69 69 69 230 230 230 230 230 230 230 230 
0 0 0 0 0 0 0 0 0 0 0 0 0 0 0 0 0 0 0 0 0 0 0 17 
0 299 0 0 0 0 0 0 0 0 0 0 0 0 0 0 0 0 0 277 0 0 0 0 
0 0 0 0 0 0 0 0 0 0 0 0 0 0 0 0 0 0 0 0 0 0 0 0 
0 0 0 0 0 0 0 0 0 0 0 0 0 0 0 0 0 0 0 0 0 0 0 0 
0 0 0 0 0 0 0 0 0 0 0 0 0 0 0 0 0 0 0 0 0 0 0 0 
0 0 0 0 0 0 0 0 0 0 0 0 0 0 0 0 0 0 0 0 0 0 0 0 
0 0 0 0 0 0 0 0 0 0 0 0 0 0 0 0 0 0 0 0 0 0 0 0 
0 0 0 0 0 0 0 0 0 0 0 0 0 0 0 0 0 0 0 0 0 0 0 0 
0 0 0 0 0 0 0 0 0 0 0 0 0 0 0 0 0 0 0 0 0 0 0 0 
0 0 0 0 0 0 0 0 0 0 0 0 0 0 0 0 0 0 0 0 0 0 0 0 
0 0 0 0 0 0 0 0 0 0 0 0 0 0 0 0 0 0 0 0 0 0 0 0 
0 0 0 0 0 0 0 0 0 0 0 0 0 0 0 0 0 0 0 0 0 0 0 0 
101 101 101 101 101 101 101 101 101 101 0 0 0 0 0 0 0 0 101 101 101 101 101 101 
939 939 939 939 939 939 939 939 939 939 939 939 939 939 939 939 939 939 939 939 939 939 939 939 
643 643 643 0 0 0 0 0 0 643 0 0 0 0 0 0 0 0 643 643 643 643 0 0 
1202 0 0 0 0 0 0 0 0 0 0 0 0 0 0 0 0 0 0 0 0 0 0 0 
0 0 0 0 0 0 0 0 0 0 0 0 0 0 0 0 0 0 0 0 0 0 0 0 
1176 1176 1176 1176 1176 1176 1176 1176 1176 1176 1176 1176 1176 1176 1176 1176 1176 1176 1176 1176 1176 1176 1176 1176 
0 0 0 0 0 0 0 0 0 0 0 0 0 0 0 0 0 0 0 0 0 0 0 0 
0 0 0 0 0 0 0 0 0 0 0 0 0 0 0 0 0 0 0 0 0 0 0 0 
0 0 0 0 0 0 0 0 0 0 0 0 0 0 0 0 0 0 0 0 0 0 0 0 
0 0 0 0 0 0 0 0 0 0 0 0 0 0 0 0 0 0 0 0 0 0 0 0 
410 410 410 410 410 410 410 410 410 410 410 410 410 410 410 410 410 410 410 410 410 410 410 410 
0 0 0 0 0 0 0 0 0 0 0 0 0 0 0 0 0 0 0 0 0 0 0 0 
932 932 655 932 932 932 932 932 932 932 932 932 932 708 507 697 932 932 932 932 932 932 932 932 
0 0 0 0 0 0 0 0 0 0 0 0 0 0 0 0 0 0 0 0 0 0 0 0 
0 290 892 892 892 892 892 892 892 892 892 892 892 892 892 892 892 892 892 892 892 892 892 892 
1444 1444 1444 1444 1444 1444 1444 1444 1444 1444 1444 1444 1444 1444 1444 1444 1444 1444 1444 1444 1444 1444 1444 1444 
0 0 0 0 0 0 0 0 0 0 0 0 0 0 0 0 0 0 0 0 0 0 0 0 
263 263 263 263 263 263 263 263 263 263 263 263 263 263 263 263 263 263 263 263 263 263 263 263 
0 0 44 44 44 44 44 44 44 44 44 44 0 44 44 0 44 44 44 44 44 44 44 44 
0 0 0 0 0 0 0 0 0 0 0 0 0 0 0 0 0 0 0 0 0 0 0 0 
446 801 801 801 801 801 801 801 801 801 801 801 801 801 801 801 801 801 801 801 801 801 801 801 
0 0 0 0 0 0 0 0 0 0 0 0 0 0 0 0 0 0 0 0 0 0 0 0 
559 0 0 0 0 0 0 0 0 0 0 0 0 0 0 0 0 0 0 0 0 0 0 0 
54 54 54 54 54 54 54 54 54 54 54 54 54 54 54 54 54 54 54 54 54 54 54 54 
54 54 54 54 54 54 54 54 54 54 54 54 54 54 54 54 54 54 54 54 54 54 54 54 
108 108 108 108 108 108 108 108 108 108 108 108 108 108 108 108 108 108 108 108 108 108 108 108 
58 58 58 58 58 58 58 58 58 58 58 58 58 58 58 58 58 58 58 58 58 58 58 58 
80 80 80 80 80 80 80 80 80 80 80 80 80 80 80 80 80 80 80 80 80 80 80 80 
17 17 17 17 17 17 17 17 17 17 17 17 17 17 17 17 17 17 17 17 17 17 17 17 
13 13 13 13 13 13 13 13 13 13 13 13 13 13 13 13 13 13 13 13 13 13 13 13 
39 39 39 39 39 39 39 39 39 39 39 39 39 39 39 39 39 39 39 39 39 39 39 39 
30 30 30 30 30 30 30 30 30 30 30 30 30 30 30 30 30 30 30 30 30 30 30 30 
42 42 42 42 42 42 42 42 42 42 42 42 42 42 42 42 42 42 42 42 42 42 42 42 

