18.431591644947172 21.217 27.746090794567493 21.299069867386404 19.971274969760724 21.070949284085458 21.210401970734065 20.314074771608134 20.314074771608126 22.068869723686397 21.891098975651563 22.366822112838147 21.223432890983048 20.37690754377758 20.3867205856083 20.386720585608312 22.05478679019414 21.891098975651577 22.238567779836632 22.491485117685592 22.491485117685578 22.581238397057238 22.58123839705726 22.581238397057234 
-16.61235457495682 -23.451327576614933 -29.6269748617894 -22.938965601563357 -13.691999999999998 -23.078014861250267 -22.250446183112082 -13.691999999999998 -13.691999999999998 -13.691999999999998 -23.39180603347898 -13.691999999999998 -20.210988834743425 -13.691999999999998 -13.691999999999998 -13.691999999999998 -25.033617050003645 -23.391806033478996 -25.662256693341742 -24.034831703299588 -24.034831703299556 -24.34534933604234 -24.34534933604233 -24.345349336042343 
28.576143931920978 25.927999999999997 31.230750057206226 24.338074603179393 25.281623865427335 24.78277192289328 27.91157086409367 21.444167511480707 21.444167511480735 28.329925951466972 24.68226231964174 23.420439753598448 23.31562523081101 21.143213074899343 21.129777294289127 21.129777294289134 27.441990919531627 24.68226231964173 28.740172264418824 25.381430320868578 25.381430320868578 25.531503939835428 25.531503939835435 25.53150393983544 
18.810743134676557 18.705879162960677 26.024798279905653 19.80248322426944 18.76824320102488 19.2005084678794 19.24991983140832 18.77072704195192 18.77072704195192 18.642723497041597 20.57298798203359 20.598094046000657 19.895035488234623 18.944266391855635 18.94850125154293 18.94850125154293 18.658304355040805 20.57298798203359 20.018834892427297 21.02772443327907 21.02772443327906 20.974084877516148 20.974084877516148 20.974084877516148 
29.03903711769974 29.872784825397304 35.71381561224005 28.26334667894098 28.499723859328146 29.432393284403748 29.954467802039083 24.69926264682365 24.699262646823648 39.68958827189344 28.47941461504144 27.953663645753334 26.724566836487902 24.25173783608835 24.149469809333013 24.149469809333016 31.870267187716284 28.47941461504143 29.193920117037145 29.35852213237419 29.358522132374176 29.342774035843938 29.34277403584394 29.342774035843938 
-16.815788693530212 -23.244617732302604 -29.44468359195338 -22.779942557153845 -21.556191218440826 -22.88420455858587 -22.170921744320463 -22.891529072116242 -22.891529072116242 -28.391834404619917 -23.245195158329587 -25.6518023792781 -22.88616550238685 -22.8914901414374 -22.891480281381497 -22.891480281381497 -24.75905482972086 -23.245195158329608 -25.31117408311404 -23.88184540494754 -23.881845404947555 -24.23157712464466 -24.23157712464466 -24.231577124644662 
-16.59342658100478 -23.47056035187607 -29.643935674838655 -22.953761483610702 -19.860440400112406 -23.096047432494466 -22.2578453259257 -20.986660118760703 -20.986660118760703 -25.592226953812336 -23.40544705779482 -23.17282731662259 -22.417247971856373 -20.98180446774129 -20.980574666671124 -20.980574666671124 -25.059162971609194 -23.405447057794838 -25.694922253915642 -24.049065912144414 -24.049065912144457 -24.331162319927152 -24.331162319927156 -24.33116231992715 
17.783700378571385 24.49448492586104 23.969661962987203 17.924410564044706 17.962181487093563 17.70478544331876 28.296247174573963 18.91235374723553 18.912353747235528 15.273771110070662 17.78891180228731 17.928220375057563 18.292086663761236 18.686840609931036 19.02803311918549 19.02803311918549 29.28582809346189 17.78891180228731 32.121241524019545 18.144 18.144 18.144 18.144 18.144 
-21.00434114723293 -23.722073651294096 -28.767599279666737 -22.178162111472904 -21.551969709627603 -22.25424391069021 -24.568773786342604 -20.93648813635408 -20.93648813635408 -25.37006270210726 -22.553086091228714 -22.65407594324094 -21.846252635913547 -20.827885510520147 -20.875231327148988 -20.87523132714898 -25.52925348681881 -22.553086091228717 -21.56817643472412 -23.12791329759425 -23.12791329759424 -23.07615485841595 -23.07615485841595 -23.07615485841595 
-16.82445772744468 -23.235809108344323 -29.43691552821067 -22.77316603326083 -21.518224644661846 -22.875945628871655 -22.16753293195335 -22.842854029739094 -22.842854029739094 -28.300855264299823 -23.238947560051518 -25.58866102564193 -22.86741466760214 -22.843076178387978 -22.843132442449182 -22.843132442449182 -24.747354780506136 -23.23894756005154 -25.29621323448065 -23.87532612775765 -23.87532612775766 -24.22716897727201 -24.22716897727201 -24.227168977272008 
16.784019909497868 23.276898061911865 29.473150655507002 22.80477599605505 21.42750912367292 22.91447046330121 22.183340480857783 22.75355528560289 22.75355528560289 28.210270389529104 23.26809028163574 25.472022417548942 22.85958798863927 22.75274819942983 22.752543786996693 22.752543786996696 24.801931157156865 23.268090281635757 25.3660000272578 23.905736130388963 23.905736130388973 24.24637857415673 24.24637857415673 24.24637857415673 
-16.36016965017506 -23.707573219701327 -29.85295028073262 -23.13609681423411 -17.00035210697096 -23.318269725783804 -22.349027801355938 -17.71126021520211 -17.71126021520211 -20.57636454709645 -23.573550633554028 -18.912375931780954 -21.5406311516066 -17.702113292885976 -17.699796632399366 -17.699796632399366 -25.373975163753144 -23.57355063355402 -26.097472488378177 -24.224479528419014 -24.224479528419028 -24.501358528041884 -24.501358528041706 -24.501358528041887 
16.94462476533475 23.113707123348288 29.329237415595998 22.679232290302874 21.332448224293046 22.761463308270375 22.120558430741497 22.570347465827282 22.570347465827282 27.6944701815896 23.15234559420273 25.236182286219737 22.728652733754487 22.573948811029755 22.57486093139559 22.574860931395595 24.585172895976285 23.152345594202743 25.088831318302443 23.784958246304697 23.784958246304708 24.167784742672662 24.167784742672666 24.16778474267267 
16.370160509014184 23.69742148660137 29.84399776894498 23.12828702893357 16.869284483006236 23.308751502444146 22.345122274358797 17.552028407501687 17.552028407501687 20.303625348087476 23.56635042265445 18.705559290910276 21.487954455306046 17.543243860572392 17.54101897967142 17.54101897967142 25.360491130668436 23.566350422654445 26.080230460225504 24.216966213927456 24.216966213927467 24.495177881771205 24.495177881771017 24.49517788177121 
-17.403648249445336 -24.40279514894765 -23.589008109460703 -17.588444353770438 -17.626209349094797 -17.331608713819097 -28.349194058928873 -18.74368167510673 -18.743681675106725 -14.503092910845723 -17.431018242640572 -17.598336973403814 -18.018685482772014 -18.520388432112384 -18.879188376509433 -18.879188376509433 -29.34024670039436 -17.431018242640572 -31.936073880347138 -17.76877689576743 -17.76877689576743 -17.768402837167507 -17.768402837167507 -17.768402837167507 
16.370160509014184 23.69742148660137 29.84399776894498 23.12828702893357 16.869284483006236 23.308751502444146 22.345122274358797 17.552028407501687 17.552028407501687 20.303625348087476 23.56635042265445 18.705559290910276 21.487954455306046 17.543243860572392 17.54101897967142 17.54101897967142 25.360491130668436 23.566350422654445 26.080230460225504 24.216966213927456 24.216966213927467 24.495177881771205 24.495177881771017 24.49517788177121 
19.756793313755395 24.970505022031602 25.9458788332119 19.668625383935506 19.706427081581943 19.642183795076576 28.021366137330716 19.788038024141166 19.788038024141166 19.274853050297693 19.6469654743209 19.64085545681395 19.71148652325232 19.551 19.800781086388717 19.800781086388717 29.00330640590308 19.6469654743209 33.08256483089022 20.092022387827615 20.09202238782761 20.09396436453105 20.09396436453105 20.09396436453105 
28.88546003660473 29.93810118727484 35.65537093885742 28.21089837125344 28.431943116475317 29.382088553984342 30.04122934190546 24.705706247865205 24.705706247865205 39.627348727031205 28.41298981673616 27.9172157015747 26.686946793910877 24.254945961657523 24.15863681595463 24.158636815954637 32.01782551764943 28.412989816736157 29.08100626376258 29.288823152765477 29.288823152765463 29.268940526043487 29.26894052604349 29.268940526043487 
30.26010150141346 29.206823582383983 36.03114709768822 28.551518419227143 28.93494831197096 29.67805611309093 29.179147436602058 24.53503001565377 24.535030015653774 39.80138679426402 28.8851602393593 28.09262843781545 26.910982188380412 24.118889516829274 23.97147637821271 23.97147637821272 30.522140812189637 28.8851602393593 30.106643956371656 29.78449902537512 29.78449902537512 29.80773984528977 29.807739845289767 29.807739845289774 
-16.87224734180209 -23.187249978672067 -29.394092674565094 -22.735809222025992 -21.398253832151937 -22.830416787948728 -22.148851492043015 -22.680038892417645 -22.680038892417638 -27.97107824513463 -23.20450654674891 -25.377723801967388 -22.795830976592917 -22.68163738158369 -22.68204223433757 -22.682042234337572 -24.682856147157697 -23.204506546748927 -25.213738855708634 -23.839387435411055 -23.83938743541107 -24.203319470265587 -24.203319470265587 -24.20331947026559 
-28.398283509615215 -26.181217142220245 -31.486712883293 -24.56180038056965 -25.413994853851015 -25.05139366111407 -28.005337467017238 -21.671477306446373 -21.6714773064464 -29.074994217258723 -24.893894123704033 -23.72441006731511 -23.521203026545752 -21.363445905462903 -21.3464000465732 -21.34640004657321 -27.7575258414154 -24.893894123704026 -29.12737705470618 -25.60252207213029 -25.60252207213029 -25.73485331535328 -25.734853315353288 -25.73485331535329 
-28.594413734075157 -25.90198956422999 -31.204457585104755 -24.315093517018003 -25.26802673269762 -24.75517912879112 -27.901939169409292 -21.42081827544555 -21.42081827544558 -28.25339262476671 -24.660523525031753 -23.3892159578807 -23.2945083032412 -21.120590783834874 -21.10752583005095 -21.107525830050957 -27.409579208591005 -24.660523525031742 -28.700398632826186 -25.358719801568625 -25.358719801568625 -25.510615915334395 -25.510615915334398 -25.510615915334405 
19.936 25.00396745762469 26.24842672291642 19.936 19.936 19.936 27.889828963486945 19.936 19.936 19.936 19.936 19.936 19.936 19.70151645681413 19.936 19.936 28.90453166638876 19.936 33.66141573070813 20.394539671399436 20.39453967139943 20.391988951193397 20.391988951193397 20.391988951193397 
22.80446516296904 26.501212702402885 30.62666419839176 23.794941362084487 23.45007139217038 24.271115289559628 27.431196478353222 22.22748108354592 22.22748108354591 29.549689138578564 23.982081207448545 24.037968974309038 23.158476024981702 21.962056351124815 22.013960170396356 22.013960170396352 29.132295047361982 23.982081207448548 22.9326058448096 24.633121334025226 24.633121334025216 24.57321516776176 24.57321516776176 24.573215167761756 
-28.94687939479844 -29.91197952252211 -35.678744441618434 -28.23187377574444 -28.459050349496227 -29.402206687721733 -30.00653120819634 -24.70312928887102 -24.70312928887102 -39.65223989485684 -28.43955477324509 -27.931792156101448 -26.70199200022569 -24.25366295111937 -24.154970698202927 -24.154970698202934 -31.958813210239946 -28.43955477324508 -29.126163368910397 -29.31669753717102 -29.31669753717101 -29.2984684136215 -29.298468413621503 -29.2984684136215 
-28.576143931920978 -25.927999999999997 -31.230750057206226 -24.338074603179393 -25.281623865427335 -24.78277192289328 -27.91157086409367 -21.444167511480707 -21.444167511480735 -28.329925951466972 -24.68226231964174 -23.420439753598448 -23.31562523081101 -21.143213074899343 -21.129777294289127 -21.129777294289134 -27.441990919531627 -24.68226231964173 -28.740172264418824 -25.381430320868578 -25.381430320868578 -25.531503939835428 -25.531503939835435 -25.53150393983544 
-16.838611705167256 -23.22142722121569 -29.42423256927354 -22.762101966703398 -21.412533443989172 -22.862461230455335 -22.162 -22.711759083917364 -22.71175908391736 -28.068278915203166 -23.228747073155304 -25.418473857904615 -22.82124997353319 -22.712438275023153 -22.71261029520035 -22.712610295200356 -24.7282520480019 -23.228747073155322 -25.271786577444 -23.864682069258915 -23.86468206925893 -24.219751022259217 -24.219751022259217 -24.219751022259217 
26.07298562020665 26.56442766265517 30.934388811234953 24.068121129178223 24.51238071048817 24.56001293244747 28.25127977033893 21.84032369477334 21.84032369477335 28.840284773272035 24.292383765734584 23.60956314758703 23.216454801826913 21.529520716049035 21.561316685887366 21.561316685887366 28.833816484380804 24.292383765734574 30.954390659665123 24.967836503112853 24.96783650311285 25.026869550166197 25.026869550166214 25.0268695501662 
19.756793313755395 24.970505022031602 25.9458788332119 19.668625383935506 19.706427081581943 19.642183795076576 28.021366137330716 19.788038024141166 19.788038024141166 19.274853050297693 19.6469654743209 19.64085545681395 19.71148652325232 19.551 19.800781086388717 19.800781086388717 29.00330640590308 19.6469654743209 33.08256483089022 20.092022387827615 20.09202238782761 20.09396436453105 20.09396436453105 20.09396436453105 
-16.399459148914964 -23.66765107574344 -29.817744128162214 -23.10538448462707 -18.982418883668835 -23.280838887261186 -22.333669141955017 -20.035173097629137 -20.03517309762914 -24.30611347543578 -23.545235482512357 -21.933395569467937 -22.222120412870062 -20.02569242641367 -20.023291236632872 -20.023291236632872 -25.320948601230203 -23.545235482512336 -26.02966744235703 -24.194933083513536 -24.194933083513543 -24.466128053102615 -24.466128053102622 -24.466128053102608 
-29.699847756345925 -29.614340082422697 -35.98799852513538 -28.508875027873938 -28.807349245166307 -29.672622623910772 -29.594325763432042 -24.6889509968386 -24.688950996838603 -40.01642283517137 -28.784087076335148 -28.133734594368626 -26.903804886381252 -24.254475604090867 -24.126223636843186 -24.12622363684319 -31.262309232478223 -28.784087076335144 -29.677458975792607 -29.678176706248873 -29.678176706248877 -29.679276145840245 -29.679276145840245 -29.679276145840245 
-28.890748428379233 -29.935852033244622 -35.657383467860946 -28.212704416771324 -28.43427713090258 -29.383820785907698 -30.03824172806034 -24.705484363932374 -24.705484363932374 -39.62949193156896 -28.41527713952206 -27.91847077822297 -26.68824223150028 -24.254835490584945 -24.15832115217154 -24.158321152171546 -32.01274438019901 -28.415277139522058 -29.084894426557618 -29.291223221238102 -29.29122322123809 -29.27148296612066 -29.271482966120665 -29.27148296612066 
-18.835712432871734 -24.766735785494404 -24.914351713038457 -18.757790154468047 -18.830303932694395 -18.634203976897176 -28.25725112074756 -19.320567174757297 -19.320567174757297 -17.144999901502214 -18.67172465484791 -18.716718305553073 -18.964105096281592 -19.08510306236048 -19.384132103607104 -19.384132103607104 -29.216179386204505 -18.67172465484791 -32.1611367325778 -19.070043681107986 -19.070043681107983 -19.07518187564063 -19.075181875640634 -19.075181875640634 
-16.28879790690167 -23.78009420115617 -29.916904379499087 -23.19188761264953 -18.940892605458664 -23.386265100711594 -22.376927732150232 -20.03498699135849 -20.03498699135849 -24.455719607093002 -23.62498681257666 -21.93158217589235 -22.274257213364784 -20.022544158125054 -20.019392735264226 -20.019392735264226 -25.470301111612862 -23.624986812576637 -26.220644442525515 -24.278152426981435 -24.278152426981443 -24.54111842190885 -24.541118421908852 -24.541118421908863 
16.55827775229442 23.506275152133924 29.675431496010617 22.981237080074795 14.401420558537675 23.129533482811027 22.271585355852718 14.553862865433496 14.553862865433494 15.168236381214486 23.4307781112771 14.811421962824705 20.496108303465284 14.551901461529498 14.551404692587374 14.551404692587374 25.10660113251718 23.43077811127711 25.75558141284442 24.075498495004805 24.075498495004776 24.378802887703944 24.378802887703998 24.378802887703948 
19.998942840582558 25.015720483101454 26.354690746817116 20.0299101000495 20.016632993717305 20.039197190543575 27.843629106007143 19.987968747673015 19.987968747673012 20.16821492416837 20.03751771931011 20.039663743356176 20.01485596386887 19.754382415918872 19.98349299650329 19.98349299650329 28.86983897264436 20.03751771931011 33.864725778295174 20.50079294549513 20.500792945495125 20.49666425344393 20.49666425344393 20.49666425344393 
-16.84436786554678 -23.21557837430529 -29.419074644967026 -22.757602415919685 -21.36709115114549 -22.85697737556824 -22.159749859133825 -22.655539816055608 -22.655539816055605 -27.968964907352373 -23.224598724212363 -25.345485674450853 -22.801600474918196 -22.656406610004257 -22.65662614475284 -22.656626144752842 -24.720483320783533 -23.22459872421238 -25.261852708803353 -23.86035332796734 -23.860353327967353 -24.21672185349245 -24.21672185349245 -24.21672185349245 
30.24945281637385 29.419716251892567 36.236466606404235 28.73094392298531 29.077579073944214 29.893814416054425 29.306642397526957 24.696039250451854 24.69603925045186 40.34135637841852 29.05445290025688 28.304410151848337 27.068501787740352 24.271632675821163 24.121459983415306 24.121459983415306 30.78090999015779 29.054452900256877 30.077550127991394 29.961807534628573 29.961807534628573 29.976071473128222 29.976071473128222 29.976071473128222 
19.246512082413958 20.454671625821835 27.058570710809242 20.699152592782173 19.69630607197495 20.341232821520624 20.947861638815564 19.62802861790053 19.62802861790053 21.41607491892966 21.33610072119164 21.47955327670004 20.65358994890188 19.710004927580368 19.725705654054465 19.725705654054458 21.04411293362786 21.336100721191666 20.88058324128225 21.8406051967333 21.840605196733303 21.787726832011526 21.787726832011522 21.78772683201153 
-16.735453233601476 -23.326246765480924 -29.51666981091196 -22.842740230924075 -21.44253735293442 -22.96073960547308 -22.202325681922968 -22.792752993884847 -22.792752993884854 -28.339869887580104 -23.30309130755115 -25.522279197691955 -22.894301553609896 -22.790622465078236 -22.790082861512015 -22.790082861512015 -24.867478541535533 -23.303091307551167 -25.449815443586967 -23.942259187685114 -23.94225918768513 -24.270075943374266 -24.27007594337427 -24.270075943374266 
27.380393409747498 26.350748324348917 31.247063335103558 24.347558404822255 25.020775121444153 24.83849424770476 28.113780800501832 21.746955348080636 21.746955348080654 28.97772723580777 24.632398760524055 23.676349230305416 23.389432062387993 21.437650097088465 21.44193928740965 21.441939287409653 28.230637788194006 24.632398760524044 29.928208366116 25.326589358632837 25.326589358632837 25.426747383237174 25.426747383237185 25.42674738323718 
-17.117756741262674 -22.93778735118561 -29.17409899553922 -22.543896221359457 -21.176890519536492 -22.59652165103617 -22.05287940364858 -22.31014773264033 -22.31014773264033 -27.036368897903667 -23.02757286342808 -24.900451274144526 -22.568617254574992 -22.31853874714172 -22.320663957246975 -22.320663957246982 -24.351507569599057 -23.027572863428095 -24.790043551290164 -23.654759731378476 -23.654759731378487 -24.082792496530395 -24.082792496530406 -24.08279249653041 
21.19482423054624 24.659832172613466 28.653410932541217 22.067589460888225 21.645334856780273 22.221442138627076 25.973980699147194 21.021644913120817 21.021644913120813 25.16376774964683 22.31584010123769 22.3840030676748 21.73664653752778 20.848367974533396 20.937883906578183 20.937883906578175 27.121257054956413 22.315840101237693 20.540051239441414 22.883128515583763 22.883128515583756 22.840251651446582 22.840251651446582 22.840251651446582 
19.932658722719296 21.8167151421582 27.781982900521985 21.32538800088077 20.46384279672142 21.149471485947974 22.43511069639744 20.187960734815828 20.187960734815828 23.13450835004787 21.85372624720315 21.992499396192343 21.161857229949366 20.19145623083088 20.219843452101742 20.219843452101728 22.912419622580828 21.853726247203156 21.21278510853505 22.389261378219068 22.389261378219057 22.33855661814334 22.33855661814334 22.338556618143343 
30.149937714146798 28.053863530230604 34.783605704945536 27.45977687204507 28.037960488752997 28.37949436225973 28.54187489188504 23.615091875413356 23.615091875413366 36.62260612338198 27.836160308271538 26.832437180999516 25.961937524433086 23.242936906908984 23.118067585192712 23.118067585192726 29.196841966438456 27.836160308271534 30.148095992594577 28.685685861328597 28.685685861328594 28.756001344807746 28.756001344807736 28.756001344807746 
28.684338397441447 30.023638258765768 35.578832900582015 28.142213060019184 28.34317873829422 29.316210430976135 30.154850612669566 24.714144665852785 24.714144665852785 39.54584099687891 28.326001157875126 27.869484163606472 26.63768029806047 24.25914726219347 24.170641754353085 24.170641754353092 32.211065114187875 28.32600115787512 28.93313641825631 29.197546688028922 29.1975466880289 29.172249558808222 29.172249558808222 29.172249558808222 
30.860242490812343 28.81323125872867 36.12051267740382 28.634921223729428 29.101992030740774 29.72905629014028 28.759443573396208 24.403237565791308 24.403237565791315 39.68320151684934 29.029264357982466 28.092758138837425 26.951667899262038 24.005080161310076 23.836487871622044 23.83648787162206 29.780492047653542 29.029264357982463 30.562002764455972 29.93592461338607 29.935924613386067 29.981092387767937 29.981092387767923 29.981092387767937 
16.264003111138233 23.805288246323993 29.939122259354946 23.211269533123176 18.261937319956694 23.409886934183344 22.386620266676236 19.243938446142707 19.243938446142707 23.201602802456176 23.642855922888728 20.903079722917443 22.047668199440817 19.231303496686397 19.228103416140826 19.228103416140826 25.503765086210706 23.642855922888714 26.263434814552244 24.296798581563777 24.29679858156379 24.560850046281967 24.560850046281907 24.56085004628197 
29.192914476123104 29.807340755514755 35.77237455794934 28.315897534727476 28.56763712859854 29.48279637175211 29.86753662407821 24.69280644710987 24.69280644710987 39.75194950889956 28.54596928859131 27.990182853763933 26.76226043460979 24.248523437920632 24.140284879175944 24.140284879175947 31.72242034845106 28.545969288591305 29.307054741991664 29.428357388979684 29.428357388979673 29.41675190656666 29.41675190656666 29.41675190656666 
28.570066092245455 25.93665292668013 31.23949680929239 24.34571975204743 25.28614724187556 24.79195125484977 27.914775052929496 21.45193513326282 21.451935133262843 28.355386396281485 24.68949419370713 23.430827015750072 23.32265022753105 21.15073886291952 21.13717971884983 21.137179718849836 27.45277336703949 24.68949419370712 28.75340381197984 25.388985459894613 25.388985459894613 25.538452787063456 25.538452787063463 25.538452787063466 
28.949960871646766 29.910668969830862 35.67991711599571 28.232926134890224 28.460410349232998 29.403216036649603 30.004790364611367 24.703 24.703 39.65348871216197 28.440887566371988 27.932523472879673 26.70274683479741 24.253598581067553 24.154786765037432 24.15478676503744 31.955852497780608 28.44088756637198 29.128428950612044 29.31809602573771 29.31809602573769 29.299949860263528 29.299949860263528 29.299949860263528 
30.64740850907216 29.278793857018183 36.416376317187726 28.891738623413115 29.27324593824418 30.053974027498384 29.09833785034771 24.701171682959917 24.701171682959927 40.576632875467624 29.25021823534178 28.427992183098297 27.18775481911218 24.284055695297653 24.118010737515768 24.118010737515764 30.43234047565526 29.250218235341773 30.367246426652912 30.167177737684387 30.167177737684383 30.190973770524295 30.190973770524295 30.190973770524298 
28.576143931920978 25.927999999999997 31.230750057206226 24.338074603179393 25.281623865427335 24.78277192289328 27.91157086409367 21.444167511480707 21.444167511480735 28.329925951466972 24.68226231964174 23.420439753598448 23.31562523081101 21.143213074899343 21.129777294289127 21.129777294289134 27.441990919531627 24.68226231964173 28.740172264418824 25.381430320868578 25.381430320868578 25.531503939835428 25.531503939835435 25.53150393983544 
19.309337927447118 21.30123627038725 27.593921973531184 21.164030956307926 20.126465586264853 20.927705553908353 21.69940682757477 20.08907499022015 20.08907499022015 23.02095018193657 21.738286852188352 21.9804028103336 21.056050550753774 20.129788619193757 20.149435182412688 20.149435182412677 22.19472274755662 21.738286852188367 21.4425430479669 22.274798339815266 22.274798339815263 22.234696597167094 22.234696597167094 22.234696597167098 
-16.794151266631573 -23.266603568193368 -29.464072247371643 -22.796856384208716 -21.37032946246167 -22.904818388190822 -22.179380031667126 -22.68153957675672 -22.681539576756716 -28.07931527017494 -23.26078881644278 -25.378565241948884 -22.83311667055317 -22.68104662997315 -22.68092178029191 -22.680921780291914 -24.788257502370655 -23.260788816442798 -25.348515529905068 -23.898117158527025 -23.89811715852704 -24.241162146271957 -24.241162146271957 -24.241162146271957 
-19.936 -25.00396745762469 -26.24842672291642 -19.936 -19.936 -19.936 -27.889828963486945 -19.936 -19.936 -19.936 -19.936 -19.936 -19.936 -19.70151645681413 -19.936 -19.936 -28.90453166638876 -19.936 -33.66141573070813 -20.394539671399436 -20.39453967139943 -20.391988951193397 -20.391988951193397 -20.391988951193397 
18.837 18.837 26.103820889175747 19.871048388121057 18.837 19.287521852047792 19.374178363883328 18.837 18.837 18.837 20.631624271082796 20.667395869155754 19.953437478064206 19.00380676211887 19.008831802245755 19.008831802245755 18.837 20.631624271082806 20.08971923142944 21.08886877936095 21.088868779360954 21.031380954207375 21.031380954207375 21.031380954207375 
16.744 23.31756237780789 29.509011307457847 22.83605928270319 22.11130695375749 22.952597159190635 22.19898466515502 23.578944764997317 23.578944764997317 29.608091272280824 23.296931825011185 26.54423841163022 23.12709089469947 23.576574307069635 23.575973936144155 23.575973936144152 24.855943509088302 23.296931825011207 25.435065601833557 23.93583185797584 23.935831857975845 24.269297079409 24.269297079408997 24.269297079409 
28.570066092245455 25.93665292668013 31.23949680929239 24.34571975204743 25.28614724187556 24.79195125484977 27.914775052929496 21.45193513326282 21.451935133262843 28.355386396281485 24.68949419370713 23.430827015750072 23.32265022753105 21.15073886291952 21.13717971884983 21.137179718849836 27.45277336703949 24.68949419370712 28.75340381197984 25.388985459894613 25.388985459894613 25.538452787063456 25.538452787063463 25.538452787063466 
-16.77474881712501 -23.286318438761317 -29.48145820594773 -22.81202314488373 -21.479833596489495 -22.92330297001843 -22.186964643919055 -22.819456060809767 -22.819456060809767 -28.330105964586515 -23.274771771328357 -25.557544040808175 -22.883811597773605 -22.81836150917088 -22.81808428974727 -22.818084289747272 -24.81444376676329 -23.27477177132837 -25.381999896565606 -23.912708166907457 -23.91270816690747 -24.251152069369443 -24.251152069369443 -24.251152069369443 
22.654847058444833 25.701843343172705 28.23475309808573 21.687242693326684 21.911539154694367 21.898627623226595 28.1268572358861 20.72968670809166 20.729686708091663 23.663752861980598 21.778419239800726 21.46181460859203 21.319668470842167 20.458803165561484 20.60856630559031 20.60856630559031 28.92553947324445 21.778419239800723 32.10609628353919 22.329188495132403 22.3291884951324 22.35732552451764 22.35732552451763 22.35732552451764 
18.810743134676557 18.705879162960677 26.024798279905653 19.80248322426944 18.76824320102488 19.2005084678794 19.24991983140832 18.77072704195192 18.77072704195192 18.642723497041597 20.57298798203359 20.598094046000657 19.895035488234623 18.944266391855635 18.94850125154293 18.94850125154293 18.658304355040805 20.57298798203359 20.018834892427297 21.02772443327907 21.02772443327906 20.974084877516148 20.974084877516148 20.974084877516148 
17.802552476196222 22.241964935818267 28.560473882039453 22.008596128477084 20.117293218758554 21.944121406763088 21.785185877659032 20.756135940100258 20.756135940100254 23.57900659414373 22.534054358758183 22.890378741783543 21.777529787411833 20.78378462068207 20.790787260870438 20.79078726087046 23.42728188542157 22.5340543587582 23.608236508404513 23.139780408591342 23.139780408591353 23.220072825132988 23.22007282513299 23.220072825132988 
31.436595402458547 28.99933031607621 36.77315569828055 29.210610981396478 29.66127336845513 30.371586938987136 28.685248600758126 24.711349822237413 24.711349822237423 41.04321026385488 29.638440943203683 28.673068007141005 27.42424579306236 24.308691815164803 24.11117052965864 24.111170529658636 29.741091431284893 29.638440943203673 30.9417438547863 30.574447882370116 30.57444788237011 30.61714703447149 30.61714703447151 30.617147034471493 
-29.624 -29.624 -35.93642672291642 -28.463118109794625 -28.757895315778185 -29.624 -29.624 -24.674719483151137 -24.674719483151137 -39.926653746091034 -28.7324213865976 -28.09249096509442 -26.867858585368733 -24.23951834105468 -24.114553410497887 -24.114553410497894 -31.308229249700595 -28.732421386597597 -29.624 -29.624 -29.624 -29.624 -29.624 -29.624 
-27.876763141165444 -26.269622942801444 -31.36577317504447 -24.453649409150984 -25.213791867435265 -24.94422231263217 -28.06157801627928 -21.711507172276917 -21.71150717227694 -29.02990856649897 -24.761488668808138 -23.70170519820356 -23.455104515201104 -21.40277054778222 -21.396616529128877 -21.39661652912888 -28.00163529194269 -24.761488668808127 -29.538608553792933 -25.462793272946683 -25.462793272946683 -25.578564784196015 -25.578564784196022 -25.578564784196022 
-19.191663048381933 -19.99406535373943 -26.77216378956204 -20.450516684174307 -19.459596015487953 -20.026920265399145 -20.529131691584713 -19.383601898370742 -19.383601898370742 -20.5816127962917 -21.12184848684043 -21.217391847977634 -20.439534536637986 -19.4884559269473 -19.5017858914006 -19.5017858914006 -20.417475699266955 -21.121848486840435 -20.595029778543015 -21.610175992333268 -21.610175992333268 -21.55245551960798 -21.55245551960798 -21.552455519607985 
-12.208 -12.208 -18.520426722916422 -12.208 -12.208 -12.208 -12.208 -12.208 -12.208 -12.208 -12.208 -12.208 -12.208 -12.208 -12.208 -12.208 -12.208 -12.208 -12.208 -12.208 -12.208 -12.208 -12.208 -12.208 
-26.30504779683726 -31.02798631199501 -34.66577839026806 -27.32301233665736 -27.287737740109485 -28.528905371745836 -31.494592127783488 -24.808142802215222 -24.8081428022152 -38.561835400154365 -27.290602557277282 -27.297034408058757 -26.04903887331086 -24.30331180082046 -24.30723935397284 -24.307239353972843 -34.48808708343411 -27.290602557277282 -27.18459227559405 -28.111123623920033 -28.111123623920022 -28.02208784809857 -28.022087848098572 -28.022087848098565 
29.358924426212322 27.208212503511653 33.29479243114054 26.1511065266376 26.853028166539357 26.87658821138833 28.299584928805213 22.737392985587633 22.737392985587654 33.21425001378529 26.507489590836446 25.428912021852902 24.859748853202024 22.39419498464431 22.318016661200573 22.318016661200584 28.546874537087255 26.507489590836443 29.68715898743265 27.293388500453965 27.29338850045397 27.391709106115236 27.391709106115233 27.391709106115236 
28.923051787615808 29.922113408400914 35.669676703715425 28.2237363787835 28.448534112934567 29.394401868491446 30.019992330622657 24.704129018735433 24.704129018735433 39.6425833796032 28.429248912566408 27.926137228358904 26.696155220477515 24.254160694371876 24.156392966625162 24.15639296662517 31.981707003357403 28.4292489125664 29.10864469410475 29.305883684639735 29.305883684639724 29.287013085418252 29.287013085418256 29.287013085418252 
28.94687939479844 29.91197952252211 35.678744441618434 28.23187377574444 28.459050349496227 29.402206687721733 30.00653120819634 24.70312928887102 24.70312928887102 39.65223989485684 28.43955477324509 27.931792156101448 26.70199200022569 24.25366295111937 24.154970698202927 24.154970698202934 31.958813210239946 28.43955477324508 29.126163368910397 29.31669753717102 29.31669753717101 29.2984684136215 29.298468413621503 29.2984684136215 
30.26010150141346 29.206823582383983 36.03114709768822 28.551518419227143 28.93494831197096 29.67805611309093 29.179147436602058 24.53503001565377 24.535030015653774 39.80138679426402 28.8851602393593 28.09262843781545 26.910982188380412 24.118889516829274 23.97147637821271 23.97147637821272 30.522140812189637 28.8851602393593 30.106643956371656 29.78449902537512 29.78449902537512 29.80773984528977 29.807739845289767 29.807739845289774 
-16.291072032049925 -23.77778345771431 -29.91486660351567 -23.190109944739262 -17.906826792992717 -23.38409855713291 -22.376038753804686 -18.812520759367963 -18.812520759367963 -22.462651734648027 -23.623347896349014 -20.342737175285144 -21.904947603643297 -18.800867618467322 -18.797916202664677 -18.797916202664677 -25.467231868094238 -23.623347896349003 -26.21671980196553 -24.276442241930567 -24.27644224193058 -24.544104396305517 -24.544104396305425 -24.54410439630552 
16.61235457495682 23.451327576614933 29.6269748617894 22.938965601563357 13.691999999999998 23.078014861250267 22.250446183112082 13.691999999999998 13.691999999999998 13.691999999999998 23.39180603347898 13.691999999999998 20.210988834743425 13.691999999999998 13.691999999999998 13.691999999999998 25.033617050003645 23.391806033478996 25.662256693341742 24.034831703299588 24.034831703299556 24.34534933604234 24.34534933604233 24.345349336042343 
-16.818714091605976 -23.241645229041925 -29.44206222964824 -22.777655793697548 -21.53203301832879 -22.8814175517138 -22.169778176850812 -22.861701063141126 -22.861701063141126 -28.339316050196597 -23.243086882809944 -25.613075534147548 -22.875800818803953 -22.86175822499888 -22.861772702504275 -22.861772702504275 -24.755106604140384 -23.243086882809965 -25.306125488514486 -23.879645450358037 -23.87964545035805 -24.23003226743344 -24.230032267433444 -24.23003226743344 
-26.58773291829902 -26.83241821612928 -31.52381163635752 -24.587013127147358 -25.027608631358007 -25.148644984457608 -28.317034587586427 -22.13920854077524 -22.13920854077525 -30.08788670448555 -24.828860261500672 -24.124714932257604 -23.64245384159816 -21.81813482599061 -21.827691197282522 -21.827691197282522 -28.96431506710272 -24.828860261500665 -30.92972656395333 -25.530444142301107 -25.530444142301103 -25.58668501603134 -25.586685016031357 -25.586685016031343 
-18.283631365820465 -21.75313964400617 -28.129393381404235 -21.63254008553956 -20.219488092991714 -21.485800816994914 -21.597127311179868 -20.664416528298272 -20.66441652829827 -22.778 -22.187350484706393 -22.778 -21.52300301309584 -20.704997814009825 -20.715275922629857 -20.715275922629875 -22.778 -22.187350484706407 -22.778 -22.778 -22.778 -22.778 -22.778 -22.778 
21.317110867790788 25.261855901570794 28.580104113165945 21.99660385221359 21.70527356463058 22.200384004059476 26.876097700881296 21.07631399810334 21.076313998103338 25.031330183128567 22.16353253769391 22.21062124715047 21.66628143759371 20.861517339837103 20.978105710634615 20.978105710634612 28.143294074950777 22.163532537693914 19.880013767291075 22.725981186172536 22.725981186172532 22.688806129914152 22.688806129914152 22.688806129914152 
-28.574972558672684 -30.070151570850673 -35.537213078923195 -28.104863390906107 -28.29491048276016 -29.280387253473812 -30.216635538601878 -24.718733305170428 -24.718733305170424 -39.501518758300655 -28.278698502232068 -27.843528728341838 -26.610890184056366 -24.261431843598764 -24.177169794611597 -24.1771697946116 -32.31614485919536 -28.278698502232068 -28.852727817025333 -29.14791241114409 -29.147912411144066 -29.119670986074617 -29.11967098607462 -29.119670986074617 
18.431591644947172 21.217 27.746090794567493 21.299069867386404 19.971274969760724 21.070949284085458 21.210401970734065 20.314074771608134 20.314074771608126 22.068869723686397 21.891098975651563 22.366822112838147 21.223432890983048 20.37690754377758 20.3867205856083 20.386720585608312 22.05478679019414 21.891098975651577 22.238567779836632 22.491485117685592 22.491485117685578 22.581238397057238 22.58123839705726 22.581238397057234 
-16.817053065500218 -23.243333001231406 -29.443550625794238 -22.778954206323874 -21.549443335971056 -22.882999999999996 -22.170427488627055 -22.882999999999996 -22.882999999999996 -28.3762375832972 -23.244283950896257 -25.640734834992045 -22.882999999999996 -22.882999999999996 -22.882999999999996 -22.882999999999996 -24.757348386486154 -23.24428395089628 -25.308992054776603 -23.880894573352585 -23.8808945733526 -24.23092808539474 -24.230928085394744 -24.23092808539474 
-30.730054365617196 -29.24952765416077 -36.45373925085418 -28.925131827703407 -29.31388125492455 -30.087235339032734 -29.055077989916697 -24.70223756614383 -24.702237566143836 -40.6254941632449 -29.290874002043385 -28.453657208159196 -27.212520814684428 -24.286635658606002 -24.11729441183672 -24.11729441183672 -30.359950944307634 -29.290874002043378 -30.427409402532135 -30.209828205190686 -30.209828205190682 -30.23560382549692 -30.23560382549692 -30.235603825496923 
-25.08300978760625 -29.914254803385564 -33.313131302294494 -25.94405261148363 -26.10690890920559 -27.2804731271077 -30.27432742072215 -23.622075829099597 -23.622075829099575 -37.51822411308527 -25.756616750948055 -25.76626035799087 -24.64323561477131 -23.078187549556763 -23.08208477642308 -23.08208477642308 -33.42627692226916 -25.756616750948055 -25.762273744883316 -26.4936262209133 -26.49362622091329 -26.412881409563497 -26.4128814095635 -26.412881409563497 
28.949960871646766 29.910668969830862 35.67991711599571 28.232926134890224 28.460410349232998 29.403216036649603 30.004790364611367 24.703 24.703 39.65348871216197 28.440887566371988 27.932523472879673 26.70274683479741 24.253598581067553 24.154786765037432 24.15478676503744 31.955852497780608 28.44088756637198 29.128428950612044 29.31809602573771 29.31809602573769 29.299949860263528 29.299949860263528 29.299949860263528 
-18.837 -18.837 -26.103820889175747 -19.871048388121057 -18.837 -19.287521852047792 -19.374178363883328 -18.837 -18.837 -18.837 -20.631624271082796 -20.667395869155754 -19.953437478064206 -19.00380676211887 -19.008831802245755 -19.008831802245755 -18.837 -20.631624271082806 -20.08971923142944 -21.08886877936095 -21.088868779360954 -21.031380954207375 -21.031380954207375 -21.031380954207375 
-16.67526044617607 -23.38740878591626 -29.57060677945831 -22.88979251681893 -23.226 -23.018084865112616 -22.22585564667459 -24.925999452205623 -24.925999452205623 -31.894008500179194 -23.346471038070323 -28.294071014871548 -23.56527773541387 -24.920985821754755 -24.919716008897687 -24.919716008897684 -24.948716956588154 -23.346471038070344 -25.553694975075526 -23.987525300372035 -23.987525300372024 -24.308360516187435 -24.30836051618743 -24.308360516187438 
31.16935484299866 28.913040795895835 36.470541306121895 28.943677909999575 29.401948474685867 30.0736614030902 28.71965097054971 24.56848580589381 24.568485805893822 40.41260791748693 29.3559808598853 28.403992704957496 27.205123137176315 24.167914616689426 23.983806989500657 23.98380698950065 29.75936052049856 29.35598085988529 30.765667323586126 30.278380469187343 30.278380469187336 30.322224260252106 30.322224260252128 30.32222426025211 
-18.810743134676557 -18.705879162960677 -26.024798279905653 -19.80248322426944 -18.76824320102488 -19.2005084678794 -19.24991983140832 -18.77072704195192 -18.77072704195192 -18.642723497041597 -20.57298798203359 -20.598094046000657 -19.895035488234623 -18.944266391855635 -18.94850125154293 -18.94850125154293 -18.658304355040805 -20.57298798203359 -20.018834892427297 -21.02772443327907 -21.02772443327906 -20.974084877516148 -20.974084877516148 -20.974084877516148 
-26.66227015023594 -30.878327120131438 -34.803999999999995 -27.447 -27.447 -28.648300824005318 -31.294105631337814 -24.79490223923928 -24.79490223923927 -38.71252866392072 -27.447 -27.384145057715433 -26.138286210229694 -24.297509482128053 -24.287542070321916 -24.287542070321923 -34.1475691678912 -27.447 -27.447 -28.27522656035469 -28.275226560354678 -28.19571318514966 -28.19571318514967 -28.19571318514966 
-27.49676818598659 -30.528712096172402 -35.126895979834885 -27.736644420435443 -27.819048506436868 -28.92721749716463 -30.825754236508605 -24.763971297514825 -24.763971297514818 -39.06455935689791 -27.812356080062752 -27.58764202631171 -26.346774639484355 -24.28395483330626 -24.24152774798197 -24.241527747981976 -33.352093943692886 -27.812356080062752 -28.060003997367915 -28.658583247898815 -28.6585832478988 -28.601314910089805 -28.601314910089815 -28.601314910089805 
19.13052474608158 19.866118837637753 26.70342672291642 20.391 19.387923466304894 19.950229445880314 20.391 19.32997267319098 19.32997267319098 20.391 21.072490412333533 21.167547019805756 20.391 19.442130419724933 19.45430457696966 19.45430457696966 20.2420690845476 21.07249041233354 20.560581708956466 21.55626666002176 21.55626666002176 21.49392540664181 21.493925406641807 21.49392540664181 
-16.744 -23.31756237780789 -29.509011307457847 -22.83605928270319 -22.11130695375749 -22.952597159190635 -22.19898466515502 -23.578944764997317 -23.578944764997317 -29.608091272280824 -23.296931825011185 -26.54423841163022 -23.12709089469947 -23.576574307069635 -23.575973936144155 -23.575973936144152 -24.855943509088302 -23.296931825011207 -25.435065601833557 -23.93583185797584 -23.935831857975845 -24.269297079409 -24.269297079408997 -24.269297079409 
16.133350717540033 23.938044423749435 30.056195987710556 23.313399606166342 18.882560138598723 23.534358581931848 22.437693598674528 20.034725565621994 20.034725565621994 24.66587315547436 23.73701447357886 21.92903487993395 22.347494409620353 20.018121747460597 20.013916463089316 20.013916463089313 25.680098395112534 23.737014473578842 26.4889121518771 24.39505164849073 24.395051648490732 24.646458302864836 24.64645830286483 24.646458302864843 
19.727359726932175 21.321276696344047 27.50840511472581 21.088384690538803 20.190364989082283 20.84523341546881 21.91517764594887 19.970523087445844 19.97052308744584 22.44510769096175 21.655643243948063 21.78374906725307 20.96643649189801 20.00165036235292 20.025902648967058 20.025902648967044 22.23412278720372 21.65564324394807 21.048657062366225 22.178407412895883 22.178407412895876 22.125706098280958 22.125706098280958 22.12570609828096 
-18.79399324108952 -18.638667372829936 -25.985067480082805 -19.768021689772702 -18.73257448058725 -19.156667149073378 -19.184661507043803 -18.737778732531464 -18.737778732531464 -18.542329296941848 -20.543659488593722 -20.56421763477921 -19.865882215666726 -18.9148371870171 -18.918631355802603 -18.918631355802603 -18.566609906126875 -20.543659488593722 -19.985716928280347 -20.99687077568492 -20.99687077568491 -20.944301220765887 -20.944301220765887 -20.944301220765887 
16.819303089523647 23.241046746994193 29.44153444611274 22.777195378096295 21.37272397154861 22.8808564173992 22.169547931653103 22.673261509338925 22.67326150933892 28.03176751496036 23.242662403864255 25.368163163067543 22.818760371814296 22.673446782916866 22.67349370755036 22.673493707550364 24.754311670738108 23.242662403864273 25.305109007464985 23.879202512802664 23.879202512802678 24.228941104853128 24.22894110485313 24.22894110485313 
-18.714984673846605 -20.190114686422962 -27.011939157994604 -20.660363751610227 -19.49586447972791 -20.27637094759755 -20.46969462530354 -19.643054061425875 -19.643054061425865 -20.710649949602907 -21.323679037255932 -21.579280026901145 -20.649656707439792 -19.748505813378518 -19.757428097994918 -19.757428097994932 -20.669593525646075 -21.32367903725594 -21.205376090416177 -21.776035527839266 -21.776035527839284 -21.564911014448423 -21.564911014448388 -21.564911014448437 
21.00434114723293 23.722073651294096 28.767599279666737 22.178162111472904 21.551969709627603 22.25424391069021 24.568773786342604 20.93648813635408 20.93648813635408 25.37006270210726 22.553086091228714 22.65407594324094 21.846252635913547 20.827885510520147 20.875231327148988 20.87523132714898 25.52925348681881 22.553086091228717 21.56817643472412 23.12791329759425 23.12791329759424 23.07615485841595 23.07615485841595 23.07615485841595 
18.846310198077 18.883493020009066 26.1318408426547 19.89536032516217 18.86137988730617 19.318375186289277 19.418238137807172 18.86049916332265 18.86049916332265 18.905886849285654 20.652415613035597 20.691969011940436 19.974145741853754 19.024918674523498 19.030223897997423 19.030223897997423 18.900362165649764 20.652415613035604 20.114853505019898 21.110549431879775 21.110549431879775 21.05169708168334 21.05169708168334 21.05169708168334 
16.813996808805214 23.246438470215832 29.446289246620406 22.781343261058375 21.52764899653119 22.885911674989586 22.171622210044372 22.858605609872917 22.858605609872917 28.34066747316431 23.246486533589263 25.60898528712713 22.877093276309804 22.85853834101118 22.858521303683364 22.858521303683368 24.7614732237053 23.24648653358928 25.314266482613654 23.8831929360946 23.883192936094613 24.232304476314916 24.23230447631492 24.23230447631492 
-16.768580662685995 -23.292585913719428 -29.486985305891032 -22.816844748576163 -21.647699911031438 -22.929179328846974 -22.189375837398213 -23.02046729183477 -23.02046729183477 -28.665677155450435 -23.2792170360986 -25.81871698101813 -22.947270327750697 -23.019087785881286 -23.01873839547181 -23.018738395471814 -24.822768536421886 -23.27921703609862 -25.392644776470323 -23.917346735510925 -23.91734673551094 -24.255 -24.255 -24.255 
28.94687939479844 29.91197952252211 35.678744441618434 28.23187377574444 28.459050349496227 29.402206687721733 30.00653120819634 24.70312928887102 24.70312928887102 39.65223989485684 28.43955477324509 27.931792156101448 26.70199200022569 24.25366295111937 24.154970698202927 24.154970698202934 31.958813210239946 28.43955477324508 29.126163368910397 29.31669753717102 29.31669753717101 29.2984684136215 29.298468413621503 29.2984684136215 
16.768580662685995 23.292585913719428 29.486985305891032 22.816844748576163 21.647699911031438 22.929179328846974 22.189375837398213 23.02046729183477 23.02046729183477 28.665677155450435 23.2792170360986 25.81871698101813 22.947270327750697 23.019087785881286 23.01873839547181 23.018738395471814 24.822768536421886 23.27921703609862 25.392644776470323 23.917346735510925 23.91734673551094 24.255 24.255 24.255 
19.22247837823733 20.13082267125317 26.853774836244327 20.521315763668326 19.531750760227826 20.116880691431017 20.66036188879267 19.45165769733128 19.451657697331278 20.802138133978403 21.18224648347758 21.287955861305146 20.499630713772568 19.549418833480257 19.563610100383976 19.563610100383976 20.603953061904704 21.182246483477584 20.665608404956714 21.674506841019234 21.674506841019237 21.61674084517795 21.61674084517795 21.616740845177954 
-18.94271598777441 -19.364921693418722 -26.421983514172748 -20.14710700875983 -19.113830186327366 -19.637857116506908 -19.874470890739744 -19.10382968954903 -19.10382968954903 -19.619200470566785 -20.867707030387955 -20.946420444220585 -20.188576896527596 -19.243529553750516 -19.25173603631777 -19.25173603631777 -19.556468466061723 -20.867707030387958 -20.375115367755626 -21.33504953487926 -21.33504953487926 -21.262067720064508 -21.262067720064504 -21.26206772006451 
16.976075992359725 23.081749464095473 29.301054905442395 22.65464708351947 21.2822914125802 22.731499937958535 22.108263830425635 22.497212900231872 22.497212900231872 27.53281242055199 23.12967932784097 25.141573662254753 22.691788970862735 22.501699760034754 22.502836156568524 22.502836156568527 24.542725155237655 23.12967932784099 25.034553407811188 23.761306329728846 23.761306329728857 24.15223440544522 24.152234405445224 24.152234405445224 
-20.470947918485784 -25.103855808015545 -27.15155911842755 -20.734137041183885 -20.621295607111552 -20.81306753880067 -27.49717878493734 -20.377679675348112 -20.377679675348112 -21.909582526233017 -20.798793800402724 -20.817032746815663 -20.606192723134487 -20.150821485314427 -20.33964049964929 -20.33964049964929 -28.60968027211636 -20.798793800402724 -17.146844626887304 -21.297580704878683 -21.29758070487868 -21.281618884280842 -21.281618884280842 -21.281618884280842 
16.905337124643417 23.153627379339053 29.364441903224268 22.709943167486188 21.367747857295495 22.798892376642755 22.135916363812576 22.62939278989663 22.62939278989663 27.843808549810642 23.180659406186205 25.312367400498342 22.76496847710676 22.63190724860435 22.63254409091393 22.63254409091393 24.63819695080804 23.180659406186223 25.156633157739844 23.81450329392257 23.81450329392258 24.18707144468187 24.187071444681873 24.187071444681877 
21.00434114723293 23.722073651294096 28.767599279666737 22.178162111472904 21.551969709627603 22.25424391069021 24.568773786342604 20.93648813635408 20.93648813635408 25.37006270210726 22.553086091228714 22.65407594324094 21.846252635913547 20.827885510520147 20.875231327148988 20.87523132714898 25.52925348681881 22.553086091228717 21.56817643472412 23.12791329759425 23.12791329759424 23.07615485841595 23.07615485841595 23.07615485841595 
12.208 12.208 18.520426722916422 12.208 12.208 12.208 12.208 12.208 12.208 12.208 12.208 12.208 12.208 12.208 12.208 12.208 12.208 12.208 12.208 12.208 12.208 12.208 12.208 12.208 
-28.95963039159563 -29.906556521152595 -35.6835969094333 -28.236228385159944 -28.46467796026253 -29.40638332301059 -29.999327684668824 -24.702594298000914 -24.702594298000914 -39.65740743829196 -28.445069804422953 -27.934818308286218 -26.705115467861546 -24.253396591070292 -24.15420959198031 -24.15420959198032 -31.946561930433344 -28.44506980442295 -29.13553823247205 -29.322484412786977 -29.322484412786963 -29.30459856559651 -29.30459856559651 -29.30459856559651 
-28.684338397441447 -30.023638258765768 -35.578832900582015 -28.142213060019184 -28.34317873829422 -29.316210430976135 -30.154850612669566 -24.714144665852785 -24.714144665852785 -39.54584099687891 -28.326001157875126 -27.869484163606472 -26.63768029806047 -24.25914726219347 -24.170641754353085 -24.170641754353092 -32.211065114187875 -28.32600115787512 -28.93313641825631 -29.197546688028922 -29.1975466880289 -29.172249558808222 -29.172249558808222 -29.172249558808222 
16.814743314837656 23.245679943834777 29.445620324742656 22.780759722452455 21.528342764290414 22.885200483764123 22.17133039334371 22.85909546274701 22.85909546274701 28.34045361161723 23.245948541715094 25.60963256527514 22.87688874599743 22.85904788494189 22.85903583480991 22.85903583480991 24.760465711518258 23.245948541715112 25.31297817715015 23.882631549462886 23.8826315494629 24.231944901172056 24.23194490117206 24.23194490117206 
17.73525696264368 22.310344051508967 28.620775392453666 22.06120056629348 20.669806654865923 22.00823338532911 21.81149236934287 21.43849364427701 21.438493644277006 24.7809430726998 22.58255288105501 23.776304557123602 22.01481240112653 21.463934090320944 21.470377446247138 21.47037744624715 23.518106402693444 22.582552881055026 23.724373785279816 23.190387905437493 23.190387905437497 23.779896480124012 23.779896480124048 23.779896480124044 
-26.35967906228344 -31.00509840769851 -34.68691710507642 -27.341974204199182 -27.3120942752279 -28.54716493636545 -31.46393102580739 -24.80611787655278 -24.806117876552758 -38.58488144868813 -27.31452096587405 -27.310356544759625 -26.0626877810771 -24.30242443190395 -24.304226979407073 -24.304226979407076 -34.43601048616573 -27.31452096587405 -27.22472320780128 -28.13622046065369 -28.13622046065368 -28.04864097890456 -28.04864097890457 -28.04864097890456 
16.91109593130579 23.147775843534962 29.35928160766231 22.705441548121456 21.35734083649042 22.793406000659964 22.133665188487875 22.614556812639048 22.614556812639048 27.811856595602233 23.176509150120467 25.29316640157068 22.75778339985729 22.617234272909585 22.617912398972145 22.617912398972145 24.63042465206833 23.176509150120484 25.146694722196177 23.810172562576323 23.810172562576334 24.184217956533992 24.184217956533992 24.184217956533995 
29.03903711769974 29.872784825397304 35.71381561224005 28.26334667894098 28.499723859328146 29.432393284403748 29.954467802039083 24.69926264682365 24.699262646823648 39.68958827189344 28.47941461504144 27.953663645753334 26.724566836487902 24.25173783608835 24.149469809333013 24.149469809333016 31.870267187716284 28.47941461504143 29.193920117037145 29.35852213237419 29.358522132374176 29.342774035843938 29.34277403584394 29.342774035843938 
16.133350717540033 23.938044423749435 30.056195987710556 23.313399606166342 18.882560138598723 23.534358581931848 22.437693598674528 20.034725565621994 20.034725565621994 24.66587315547436 23.73701447357886 21.92903487993395 22.347494409620353 20.018121747460597 20.013916463089316 20.013916463089313 25.680098395112534 23.737014473578842 26.4889121518771 24.39505164849073 24.395051648490732 24.646458302864836 24.64645830286483 24.646458302864843 
-16.61235457495682 -23.451327576614933 -29.6269748617894 -22.938965601563357 -13.692 -23.078014861250267 -22.250446183112082 -13.691999999999998 -13.691999999999997 -13.691999999999998 -23.39180603347898 -13.691999999999998 -20.210988834743425 -13.691999999999998 -13.691999999999998 -13.691999999999998 -25.033617050003645 -23.391806033478996 -25.662256693341742 -24.034831703299588 -24.034831703299556 -24.34534933604234 -24.34534933604233 -24.345349336042343 
16.61235457495682 23.451327576614933 29.6269748617894 22.938965601563357 13.691999999999998 23.078014861250267 22.250446183112082 13.691999999999998 13.691999999999998 13.691999999999998 23.39180603347898 13.691999999999998 20.210988834743425 13.691999999999998 13.691999999999998 13.691999999999998 25.033617050003645 23.391806033478996 25.662256693341742 24.034831703299588 24.034831703299556 24.34534933604234 24.34534933604233 24.345349336042343 
16.816326564315258 23.244071200644015 29.444201621922485 22.779522107278787 21.553320632151728 22.883692132743167 22.17071148523205 22.88790075796209 22.88790075796209 28.385199431108884 23.24480752567944 25.647094185111435 22.884818880273837 22.88787838860799 22.88787272307406 22.88787272307406 24.75832889939018 23.24480752567946 25.310245836266834 23.881440915961264 23.881440915961274 24.231301019780616 24.231301019780616 24.23130101978062 
18.714984673846605 20.190114686422962 27.011939157994604 20.660363751610227 19.49586447972791 20.27637094759755 20.46969462530354 19.643054061425875 19.643054061425865 20.710649949602907 21.323679037255932 21.579280026901145 20.649656707439792 19.748505813378518 19.757428097994918 19.757428097994932 20.669593525646075 21.32367903725594 21.205376090416177 21.776035527839266 21.776035527839284 21.564911014448423 21.564911014448388 21.564911014448437 

