667 677 613 815 752 751 720 651 659 638 871 619 914 987 801 717 794 880 765 1194 1194 1194 1194 1194 
-203 -303 -318 -287 -196 -172 -119 -53 -49 -27 -515 -38 -354 -452 -269 -193 -492 -549 -394 -836 -832 -850 -862 -895 
-377 -287 -209 -443 -466 -486 -504 -501 -512 -512 -259 -488 -470 -448 -446 -439 -214 -239 -272 -261 -265 -249 -239 -212 
-355 -355 -355 -354 -509 -352 -349 -494 -634 -656 -694 -430 -112 -425 -233 -352 -408 -376 -358 -351 -315 -317 -341 -362 
160 160 160 160 231 159 158 223 287 297 314 194 50 192 105 159 184 170 162 159 142 143 154 164 
-251 -251 -251 -251 -251 -250 -250 -249 -249 -224 -175 -105 -56 -24 -14 -8 -5 1 4 1 15 13 -8 -29 
-144 -144 -145 -146 -147 -148 -149 -150 -150 -151 -147 -142 -137 -135 -133 -134 -137 -144 -151 -158 -157 -156 -154 -153 
218 216 214 213 216 220 227 228 225 224 224 222 218 214 210 209 213 230 237 235 231 224 212 199 
410 407 403 402 406 413 424 426 421 418 419 416 409 403 396 396 401 428 440 437 430 419 400 378 
338 349 356 352 340 339 338 327 324 320 310 303 292 276 275 276 282 302 313 297 299 292 179 238 
-91 -110 -103 -68 -72 -92 -92 -80 -80 30 22 -45 -63 -126 -154 -149 -27 19 9 84 99 124 126 127 
458 489 488 449 442 460 459 436 432 318 316 377 383 430 457 452 337 311 334 243 230 198 82 138 
386 390 386 388 397 546 518 835 738 832 839 835 718 637 786 773 845 837 835 826 832 840 853 859 
-482 -486 -482 -484 -495 -682 -646 -1042 -921 -1038 -1047 -1041 -896 -795 -980 -965 -1054 -1044 -1042 -1031 -1037 -1048 -1064 -1072 
-625 -635 -638 -641 -673 -890 -827 -1348 -1169 -1292 -1313 -1356 -1182 -1034 -1276 -1276 -1352 -1308 -1259 -1196 -1183 -1184 -1180 -1180 
-205 -208 -209 -210 -221 -292 -271 -442 -383 -424 -431 -445 -388 -339 -419 -419 -443 -429 -413 -392 -388 -388 -387 -387 
-350 -347 -353 -349 -383 -306 -313 -216 -242 -191 -182 -201 -266 -264 -197 -228 -157 -157 -150 -138 -96 -48 1 29 
-274 -264 -280 -275 -260 -291 -281 -240 -184 -169 -383 -263 -417 -486 -399 -362 -379 -257 -258 -265 -279 -225 -106 -117 
-274 -264 -280 -275 -260 -291 -281 -240 -184 -169 -383 -263 -417 -486 -399 -362 -379 -257 -258 -265 -279 -225 -106 -117 
464 444 475 469 400 495 487 366 247 231 732 435 768 959 758 641 733 482 522 548 610 517 276 316 
-330 -308 -329 -309 -302 -341 -345 -313 -261 -210 -377 -319 -405 -467 -410 -383 -358 -245 -173 -148 -167 -119 -3 -20 
-249 -233 -248 -233 -228 -257 -260 -237 -197 -158 -285 -240 -306 -352 -309 -289 -270 -185 -130 -112 -126 -89 -2 -15 
-249 -233 -248 -233 -228 -257 -260 -237 -197 -158 -285 -240 -306 -352 -309 -289 -270 -185 -130 -112 -126 -89 -2 -15 
-338 -316 -337 -317 -309 -350 -354 -321 -268 -215 -387 -327 -415 -479 -420 -392 -367 -251 -177 -152 -171 -122 -3 -21 
-338 -316 -337 -317 -309 -350 -354 -321 -268 -215 -387 -327 -415 -479 -420 -392 -367 -251 -177 -152 -171 -122 -3 -21 
-279 -260 -278 -261 -255 -288 -291 -265 -221 -177 -319 -269 -343 -395 -346 -323 -303 -207 -146 -125 -141 -100 -3 -17 
757 690 726 636 718 743 793 863 847 573 309 624 344 286 419 503 213 174 -227 -332 -360 -428 -522 -508 
31 18 34 37 58 66 85 114 108 104 96 125 89 -307 106 106 76 46 -375 -385 -342 -457 -364 -385 
-127 -141 -126 -123 -105 -103 -91 -65 -74 -80 -82 -46 -75 423 -56 -60 -99 -145 311 106 61 154 47 115 
-233 -235 -237 -239 -244 -252 -261 -268 -276 -289 -298 -304 -303 -299 -294 -293 -300 484 475 477 479 487 501 -288 
95 96 96 94 99 103 106 106 108 108 106 103 99 95 94 93 97 102 109 107 107 104 102 96 
-169 -115 -138 -206 -165 -92 -114 -131 -163 -398 -218 -207 -29 45 15 -60 -166 108 -61 202 189 264 215 -110 
-285 -326 -322 -228 -284 -358 -362 -365 -345 -163 -251 -334 -400 -418 -454 -412 -301 -44 56 -38 -30 -89 -40 -232 
-58 -74 -57 -80 -83 -102 -97 -82 -85 -45 -140 -64 -165 -204 -132 -93 -116 121 161 0 4 6 26 -227 
-386 -384 -391 -387 -415 -445 -441 -534 -507 -508 -508 -547 -521 -481 -515 -531 -508 -480 -444 -417 -404 -383 -352 -357 
47 47 47 47 50 54 53 65 62 62 62 66 63 58 63 64 62 58 54 51 49 46 43 43 
-251 -254 -253 -254 -263 -348 -329 -518 -459 -509 -514 -520 -453 -402 -490 -486 -520 -510 -501 -489 -489 -490 -493 -495 
227 225 230 227 244 261 259 314 297 298 299 321 306 282 302 312 298 282 261 245 237 225 207 210 
-72 -81 -75 -93 -54 45 -16 302 160 161 127 176 67 -35 131 159 126 -7 -116 -169 -182 -183 -174 -107 
18 16 18 15 30 20 9 29 14 1 -2 4 13 -1 3 16 -8 -28 -47 -55 -63 -71 -76 -77 
-37 -33 -37 -30 -61 -42 -19 -60 -29 -2 4 -10 -28 2 -6 -34 17 59 97 114 131 147 158 159 
96 91 98 88 135 108 76 137 92 55 46 69 96 49 61 103 27 -31 -86 -113 -137 -162 -181 -186 
47 36 31 32 57 24 24 44 74 67 12 162 165 157 208 204 100 88 -5 -86 -157 -180 -159 -176 
-397 -387 -385 -388 -415 -384 -387 -407 -439 -437 -384 -534 -539 -532 -581 -576 -471 -464 -376 -297 -225 -199 -216 -194 
496 475 489 459 507 536 585 651 683 605 442 630 456 392 476 518 416 152 8 -39 -59 -89 -125 181 
-232 -259 -249 -287 -253 -251 -229 -186 -178 -294 -482 -309 -478 -524 -424 -380 -508 -414 -591 -637 -650 -655 -648 -717 
-105 -93 -87 -89 -117 -80 -80 -103 -138 -131 -68 -240 -244 -235 -294 -289 -169 -156 -48 43 124 152 128 149 
-105 -84 -77 -82 -138 -70 -75 -131 -244 -255 164 75 298 474 393 305 308 62 -25 -101 -50 -62 -131 -86 
240 240 240 240 240 240 240 227 181 142 199 236 274 300 312 290 245 164 77 4 -6 -5 4 9 
1072 1072 1072 1072 1072 1072 1065 1072 1072 1072 1072 1072 1072 1072 1072 1072 1050 1072 1040 1072 1072 1072 1072 1072 
-31 -44 -28 -25 -3 5 19 56 50 45 29 52 9 -392 21 23 -21 -19 -462 -436 -394 -510 -419 -443 
-167 -168 -168 -169 -172 -178 -185 -188 -191 -191 -180 -168 -157 -150 -150 -157 -170 -192 -211 -218 -214 -209 -199 -190 
612 732 715 520 533 638 623 529 399 -141 -222 79 69 189 250 239 -150 -252 -102 -432 -510 -505 -844 -592 
399 304 322 511 417 280 250 256 195 444 356 336 302 198 161 184 244 424 216 -73 47 -11 122 31 
-913 -935 -937 -932 -859 -824 -779 -698 -519 -252 -124 -403 -357 -371 -390 -399 -77 -235 -208 410 394 450 523 431 
132 200 157 152 116 144 146 66 111 81 83 -140 -227 -389 -450 -419 -80 45 375 624 593 699 667 620 
250 256 256 253 251 252 255 252 251 251 249 248 245 241 238 238 241 252 265 267 266 264 255 245 
34 -38 16 17 51 25 26 103 48 70 36 169 -19 -171 -53 -36 -110 -188 -401 -672 -633 -738 -716 -656 
423 406 423 401 449 449 564 490 627 557 391 614 450 420 427 460 366 392 290 254 232 180 106 181 
-342 -347 -342 -350 -331 -313 -288 -257 -238 -252 -303 -232 -297 -322 -294 -281 -309 -285 -327 -345 -353 -367 -387 -389 
-349 -335 -349 -331 -370 -370 -466 -404 -517 -460 -323 -507 -372 -346 -352 -380 -302 -324 -239 -209 -192 -149 -87 -149 
-596 -558 -587 -532 -630 -696 -803 -941 -1016 -881 -576 -951 -608 -483 -644 -723 -531 -387 -115 -18 21 87 169 -63 
-594 -480 -530 -480 -480 -440 -432 -480 -447 -483 -378 -673 -517 -434 -577 -598 -435 -429 -244 70 73 271 324 355 
-594 -480 -530 -480 -480 -440 -432 -480 -447 -483 -378 -673 -517 -434 -577 -598 -435 -429 -244 70 73 271 324 355 
-116 -29 -69 -29 -17 0 34 6 45 19 -61 -250 -293 -301 -324 -308 -161 -111 15 235 254 361 393 370 
-252 -158 -195 -144 -130 -89 -60 -76 -30 -75 -65 -326 -277 -248 -334 -350 -200 -145 3 264 260 397 457 464 
-252 -158 -195 -144 -130 -89 -60 -76 -30 -75 -65 -326 -277 -248 -334 -350 -200 -145 3 264 260 397 457 464 
331 266 299 279 288 278 279 324 315 317 263 391 306 257 326 322 235 255 155 -9 -25 -137 -143 -154 
331 266 299 279 288 278 279 324 315 317 263 391 306 257 326 322 235 255 155 -9 -25 -137 -143 -154 
-455 -341 -389 -333 -325 -280 -260 -293 -249 -294 -234 -539 -430 -370 -494 -515 -343 -307 -124 191 190 373 435 455 
-248 -337 -296 -338 -363 -368 -434 -414 -468 -444 -184 -30 190 276 206 153 -21 -122 -236 -439 -478 -539 -561 -487 
34 -113 -114 -161 -163 -161 -173 -153 -198 -179 -17 94 222 222 212 187 99 33 -59 -189 -200 -222 -231 -207 
431 586 514 588 631 640 754 719 813 772 320 52 -331 -480 -358 -266 37 213 410 763 830 937 976 846 
-2246 -2246 -2236 -2246 -2246 -2105 -2246 -2246 -2246 -2239 -890 -700 209 672 281 -216 -399 -783 -755 -660 -713 -822 -854 -501 
565 796 744 490 537 761 782 650 682 528 548 514 757 -120 806 781 794 660 -170 755 758 762 771 778 
-426 -479 -484 -324 -409 -512 -521 -536 -505 -249 -321 -498 -529 -530 -634 -595 -411 -177 -51 -93 -81 -174 -110 -236 
-226 -263 -285 -100 -180 -259 -267 -294 -258 -38 -15 -271 -204 -167 -342 -339 -127 -121 -27 90 95 -3 30 152 
-540 -554 -556 -554 -541 -541 -549 -548 -611 -582 -560 -500 -469 -494 -518 -524 -493 -553 -602 -699 -631 -579 -518 -496 
40 41 42 45 49 49 54 60 104 90 86 58 54 89 102 102 74 97 114 178 142 120 101 116 
-185 -189 -189 -187 -185 -186 -189 -186 -186 -186 -184 -183 -181 -178 -176 -176 -178 -186 -196 -197 -197 -195 -189 -181 
23 24 25 26 29 29 32 35 61 53 50 34 32 52 60 60 44 57 67 105 84 71 60 68 
-111 -113 -113 -112 -111 -112 -113 -112 -111 -111 -111 -110 -109 -107 -106 -105 -107 -112 -118 -118 -118 -117 -113 -108 
154 5 -14 -55 -47 -41 -27 -11 -45 -30 59 133 198 160 178 171 136 97 29 -46 -43 -42 -44 -47 
-513 -24 -4 238 229 201 162 203 250 229 184 171 156 135 133 127 120 124 171 244 251 259 263 255 
-235 -11 -2 108 105 92 74 93 114 104 84 78 71 62 61 58 55 56 78 111 115 118 120 116 
363 358 366 361 377 365 330 342 285 263 360 298 400 407 371 378 349 253 236 231 222 192 143 146 
-407 -401 -410 -404 -422 -408 -369 -383 -319 -294 -403 -333 -448 -456 -415 -423 -391 -284 -264 -258 -249 -215 -160 -164 
-319 -327 -323 -345 -293 -185 -373 126 -196 -202 -133 -205 -206 -345 -127 -81 -136 -422 -559 -628 -645 -633 -592 -525 
306 301 308 304 317 307 277 288 240 221 303 251 337 343 312 318 294 213 199 194 187 161 120 123 
-515 -519 -521 -529 -525 -505 -446 -442 -364 -376 -543 -400 -575 -604 -537 -527 -542 -429 -471 -485 -484 -465 -430 -430 
-450 -447 -454 -453 -464 -446 -395 -403 -328 -313 -450 -348 -493 -510 -457 -459 -441 -320 -320 -321 -314 -283 -232 -237 
271 196 242 227 262 254 262 318 290 138 9 344 340 234 384 388 264 225 1 -191 -114 -161 -262 -281 
129 104 160 170 245 276 339 451 433 401 347 469 339 417 390 399 278 240 214 -107 -105 -171 -202 -161 
-457 -305 -367 -283 -260 -194 -152 -182 -113 -201 -183 -621 -488 -458 -580 -594 -351 -275 -35 399 405 650 734 754 
-347 -372 -358 -379 -337 -324 -312 -267 -288 -395 -347 -255 -292 -62 -249 -265 -359 -473 -322 -513 -527 -483 -542 -447 
-175 -202 -171 -166 -126 -118 -91 -34 -49 -61 -73 -7 -73 320 -38 -43 -122 -190 123 -141 -173 -126 -208 -132 
769 875 835 808 742 774 756 636 684 844 758 578 711 53 644 666 844 1020 522 1120 1147 1067 1181 1007 
-91 -173 -119 -112 -45 -31 9 113 86 46 1 140 29 115 83 80 -65 -147 -204 -476 -464 -516 -571 -505 
-142 -170 -171 -168 -175 -193 -159 -163 20 19 -202 -134 -342 -481 -366 -281 -321 -111 -70 -64 -182 -121 63 9 
493 519 497 507 662 481 475 618 791 824 297 627 366 115 278 457 283 549 426 368 129 64 148 55 
-275 -329 -329 -325 -338 -373 -307 -314 40 38 -390 -258 -660 -927 -705 -542 -619 -214 -135 -124 -350 -234 121 18 
-125 -194 -191 -190 -210 -196 -181 -196 -136 -149 -326 -314 -411 -459 -426 -445 -402 -303 -203 -151 -121 -82 -28 -39 
-150 -182 -182 -180 -188 -210 -173 -178 26 24 -224 -146 -379 -507 -403 -308 -279 -122 -79 -73 -143 -121 32 -29 
345 206 223 527 396 197 174 199 235 752 647 387 341 143 82 127 452 768 572 526 597 330 535 366 
22 152 93 -43 -27 86 98 2 46 -201 -135 -186 -119 -107 -116 -128 -61 -88 280 556 490 704 567 572 
22 152 93 -43 -27 86 98 2 46 -201 -135 -186 -119 -107 -116 -128 -61 -88 280 556 490 704 567 572 
100 130 105 113 88 95 96 53 86 92 100 14 45 50 -5 2 114 183 322 453 435 476 458 416 
100 130 105 113 88 95 96 53 86 92 100 14 45 50 -5 2 114 183 322 453 435 476 458 416 
159 217 168 183 134 147 148 66 125 139 157 -12 49 58 -48 -33 184 314 581 832 799 878 845 766 
670 686 688 685 671 672 681 679 741 712 690 628 596 619 641 647 617 623 679 692 769 715 650 623 
45 6 54 64 130 155 208 307 291 277 242 320 200 187 243 248 138 97 -13 -248 -243 -319 -327 -287 
-182 -223 -224 -222 -233 -261 -215 -223 37 34 -282 -182 -478 -617 -506 -387 -281 -153 -101 -95 -127 -141 6 -74 
193 173 166 172 228 163 171 230 346 359 -60 26 -199 -377 -298 -208 -208 44 137 213 162 172 237 189 
677 578 577 826 673 472 428 397 436 860 706 465 389 378 230 296 560 993 1181 1043 1079 948 1103 821 
-310 -186 -199 -427 -315 -127 -93 -108 -125 -441 -336 -187 -75 -294 40 -9 -178 -496 -833 -504 -526 -440 -538 -351 
-333 -350 -340 -363 -331 -327 -304 -279 -268 -339 -436 -323 -414 -446 -400 -370 -455 -468 -578 -610 -623 -645 -671 -652 
-333 -350 -340 -363 -331 -327 -304 -279 -268 -339 -436 -323 -414 -446 -400 -370 -455 -468 -578 -610 -623 -645 -671 -652 
85 56 80 44 108 105 100 153 106 -11 -27 59 51 13 32 81 -66 -186 -355 -407 -436 -506 -607 -583 
157 217 166 182 133 146 148 63 128 140 158 -14 48 58 -51 -35 188 323 599 860 825 907 873 791 
-231 -219 -239 -163 -197 -201 -214 -248 -241 -237 -107 -256 -125 -95 -185 -223 -153 -122 -168 26 27 23 26 46 
-231 -219 -239 -163 -197 -201 -214 -248 -241 -237 -107 -256 -125 -95 -185 -223 -153 -122 -168 26 27 23 26 46 
325 301 343 190 257 264 286 354 342 334 73 373 112 54 236 311 170 102 191 -198 -199 -187 -188 -221 
-271 -267 -275 -275 -275 -276 -281 -239 -246 -247 -342 -295 -374 -404 -349 -339 -342 -299 -296 -312 -296 -247 -162 -149 
-271 -267 -275 -275 -275 -276 -281 -239 -246 -247 -342 -295 -374 -404 -349 -339 -342 -299 -296 -312 -296 -247 -162 -149 
-167 -163 -169 -165 -186 -175 -163 -173 -156 -140 -177 -167 -213 -205 -187 -201 -169 -125 -99 -94 -77 -45 0 7 
-461 -461 -465 -461 -543 -467 -462 -497 -560 -550 -430 -539 -516 -422 -438 -524 -415 -448 -377 -375 -279 -210 -158 -93 
-461 -461 -465 -461 -543 -467 -462 -497 -560 -550 -430 -539 -516 -422 -438 -524 -415 -448 -377 -375 -279 -210 -158 -93 
-196 -192 -199 -196 -209 -204 -198 -193 -185 -176 -227 -207 -259 -262 -235 -240 -222 -183 -167 -168 -152 -118 -65 -55 
-271 -266 -275 -271 -290 -281 -273 -266 -255 -243 -314 -287 -357 -362 -324 -332 -306 -253 -231 -233 -211 -163 -89 -76 
-271 -266 -275 -271 -290 -281 -273 -266 -255 -243 -314 -287 -357 -362 -324 -332 -306 -253 -231 -233 -211 -163 -89 -76 
500 348 411 327 305 240 199 230 163 251 234 672 538 508 630 644 401 327 88 -345 -352 -597 -683 -705 
-1312 -1267 -1289 -1225 -1296 -1302 -1350 -1418 -1438 -1242 -955 -1250 -988 -906 -1050 -1129 -905 -886 -588 -506 -477 -443 -413 -459 
793 697 736 600 732 738 823 968 998 578 -66 549 -29 -197 137 300 -166 -85 -721 -887 -939 -977 -986 -996 
-85 -107 -98 -130 -98 -92 -68 -27 -16 -111 -271 -118 -266 -309 -225 -186 -294 -270 -419 -459 -472 -480 -480 -480 
327 369 364 270 328 403 409 413 394 211 295 375 437 453 490 449 342 92 -3 94 84 142 91 280 
485 441 487 381 423 399 431 499 501 596 287 548 235 148 323 423 345 172 328 -134 -130 -155 -139 -32 
-121 -125 -134 -66 -98 -117 -121 -141 -129 -74 -23 -131 -78 -73 -131 -140 -67 -107 -101 -23 -19 -39 -26 59 
-121 -125 -134 -66 -98 -117 -121 -141 -129 -74 -23 -131 -78 -73 -131 -140 -67 -107 -101 -23 -19 -39 -26 59 
-64 -66 -71 -35 -52 -62 -64 -75 -68 -39 -12 -69 -41 -39 -69 -74 -35 -57 -54 -12 -10 -21 -14 31 
450 356 417 383 415 397 408 479 415 460 460 760 635 576 712 740 550 443 197 -173 -141 -295 -371 -351 
-303 -208 -268 -233 -264 -240 -245 -313 -246 -287 -287 -590 -469 -411 -545 -571 -374 -257 -4 365 330 480 547 519 
70 72 72 71 65 64 61 55 50 39 20 11 0 -17 -5 2 10 20 26 24 8 -10 -35 -18 
-411 -437 -433 -474 -488 -510 -537 -558 -581 -579 -546 -362 -279 -179 -170 -176 -325 -414 -486 -582 -571 -596 -642 -639 
116 100 94 95 131 82 82 110 154 181 342 403 418 415 432 481 486 399 214 103 -23 -71 -47 -74 
-96 -213 -206 -208 -241 -183 -196 -222 -346 -373 -463 -533 -459 -407 -465 -626 -567 -538 -365 -253 -95 -35 -106 -53 
559 594 593 553 544 564 564 539 535 400 348 371 335 354 373 378 294 320 398 354 341 307 187 237 
-1113 -985 -724 -656 -663 -833 -1116 -1119 -1124 -1141 -1151 -878 -721 -723 -715 -710 -712 -728 -910 -1193 -1188 -1235 -1179 -967 
-61 -62 -62 -61 -61 -61 -62 -61 -61 -61 -61 -60 -59 -58 -58 -58 -58 -61 -64 -65 -65 -64 -62 -59 
-108 -110 -110 -109 -108 -109 -110 -109 -108 -108 -108 -107 -106 -104 -103 -103 -104 -109 -114 -115 -115 -114 -110 -105 
15 -9 12 6 28 26 29 67 58 38 30 116 86 81 128 123 18 -30 -139 -247 -235 -272 -264 -235 
-21 13 -17 -8 -39 -36 -41 -93 -81 -53 -42 -163 -121 -113 -179 -173 -25 42 195 346 329 380 369 328 
1028 959 1046 785 899 887 948 1084 1074 1161 589 1146 567 417 773 946 732 502 756 -99 -97 -115 -108 -45 
282 272 283 272 299 295 281 304 267 228 273 271 316 307 294 310 258 186 133 116 103 66 9 12 
282 272 283 272 299 295 281 304 267 228 273 271 316 307 294 310 258 186 133 116 103 66 9 12 
282 272 283 272 299 295 281 304 267 228 273 271 316 307 294 310 258 186 133 116 103 66 9 12 
-77 -71 -78 -68 -116 -87 -53 -116 -69 -29 -19 -42 -70 -22 -35 -79 0 62 120 148 173 198 216 220 
-77 -71 -78 -68 -116 -87 -53 -116 -69 -29 -19 -42 -70 -22 -35 -79 0 62 120 148 173 198 216 220 
150 156 369 -81 -25 -72 -64 31 20 14 -68 379 -76 369 364 364 -60 -61 -52 -55 -60 -68 -82 -98 
-154 -156 -156 -161 -167 -182 -201 -215 -229 -243 -241 -234 -219 -210 -244 -283 -332 -458 -540 -578 -593 -592 -574 -558 
112 112 113 122 73 99 134 26 76 112 216 143 197 278 210 157 235 245 295 338 347 325 259 255 
112 112 113 122 73 99 134 26 76 112 216 143 197 278 210 157 235 245 295 338 347 325 259 255 
-312 -242 -278 -186 -265 -280 -321 -386 -361 -65 212 -113 105 191 -8 -92 213 291 716 821 845 910 1000 977 
312 271 321 332 400 427 480 586 569 554 518 599 473 406 518 523 401 366 187 -37 -26 -118 -114 -77 
312 271 321 332 400 427 480 586 569 554 518 599 473 406 518 523 401 366 187 -37 -26 -118 -114 -77 
-500 -527 -523 -564 -580 -605 -635 -659 -683 -684 -650 -465 -379 -279 -271 -279 -431 -527 -602 -698 -686 -707 -748 -741 
-750 -638 -741 -718 -833 -846 -893 -1081 -1015 -974 -934 -1291 -1135 -1104 -1331 -1325 -890 -712 -226 284 240 434 438 333 
-449 -305 -366 -291 -278 -219 -184 -219 -156 -208 -172 -604 -488 -445 -575 -587 -357 -287 -43 362 356 575 665 685 
-267 -266 -271 -301 -271 -265 -280 -260 -263 -299 -332 -293 -283 -246 -253 -255 -287 -307 -313 -316 -316 -310 -314 -335 
122 125 139 53 92 114 119 144 130 67 -1 136 62 53 129 144 53 97 92 -15 -19 6 -6 -107 
-204 -198 -220 -156 -175 -180 -196 -215 -208 -203 -112 -239 -123 -81 -174 -205 -142 -143 -171 -7 -7 -20 -20 12 
-184 -178 -198 -141 -157 -162 -176 -194 -187 -182 -101 -215 -111 -73 -157 -184 -127 -129 -154 -6 -7 -18 -18 11 
-108 -103 -169 5 -32 -47 -84 -124 -105 -72 135 -205 87 204 -63 -139 47 16 -21 390 383 325 308 424 
-123 -122 -121 -121 -122 -124 -128 -128 -127 -126 -194 -141 -246 -529 -222 -132 -121 -137 -133 -575 -539 -441 -346 -466 
-474 -472 -470 -470 -471 -476 -481 -482 -480 -477 -491 -475 -496 -563 -483 -461 -463 -482 -489 -599 -587 -557 -525 -545 
-474 -472 -470 -470 -471 -476 -481 -482 -480 -477 -491 -475 -496 -563 -483 -461 -463 -482 -489 -599 -587 -557 -525 -545 
-474 -472 -470 -470 -471 -476 -481 -482 -480 -477 -491 -475 -496 -563 -483 -461 -463 -482 -489 -599 -587 -557 -525 -545 
-474 -472 -470 -470 -471 -476 -481 -482 -480 -477 -491 -475 -496 -563 -483 -461 -463 -482 -489 -599 -587 -557 -525 -545 
832 832 832 832 832 832 832 832 832 832 832 832 832 832 832 832 832 832 832 832 832 832 832 832 
-49 -40 -34 -64 -53 -46 -51 -48 -51 -86 -104 -49 -76 -136 -40 -22 -59 -81 -104 -211 -200 -156 -130 -161 
-49 -40 -34 -64 -53 -46 -51 -48 -51 -86 -104 -49 -76 -136 -40 -22 -59 -81 -104 -211 -200 -156 -130 -161 
-27 -25 -23 -23 -24 -28 -34 -35 -32 -31 -56 -36 -71 -172 -57 -24 -22 -39 -42 -203 -187 -146 -104 -139 
-27 -25 -23 -23 -24 -28 -34 -35 -32 -31 -56 -36 -71 -172 -57 -24 -22 -39 -42 -203 -187 -146 -104 -139 
-34 -32 -30 -29 -31 -37 -43 -45 -42 -40 -72 -46 -91 -220 -73 -31 -28 -50 -54 -259 -239 -187 -133 -178 
217 232 242 182 205 225 220 228 219 148 113 221 162 41 225 260 191 165 128 -83 -66 11 50 -23 
217 232 242 182 205 225 220 228 219 148 113 221 162 41 225 260 191 165 128 -83 -66 11 50 -23 
-213 -215 -214 -215 -222 -302 -284 -461 -405 -453 -458 -461 -399 -352 -434 -429 -465 -457 -451 -441 -442 -445 -450 -452 
121 139 129 137 137 479 359 1146 857 1068 1092 1087 812 621 1017 986 1160 1103 1066 1009 1016 1070 1142 1157 
-631 -534 -572 -434 -563 -564 -642 -782 -806 -378 273 -338 239 404 66 -97 373 305 947 1113 1163 1195 1195 1195 
225 321 321 68 212 395 414 435 387 -48 107 361 452 469 611 533 246 -229 -445 -306 -330 -183 -305 4 
742 747 751 770 735 714 709 688 695 658 557 517 476 458 484 505 498 579 608 580 467 146 -2 109 
789 701 723 930 801 643 607 593 538 751 561 501 425 302 290 334 387 652 475 158 166 -214 -230 -212 
775 775 775 775 775 775 775 775 775 775 694 756 627 286 651 759 775 766 775 244 284 397 504 351 
-23 -19 -21 -28 -39 -39 -43 -47 -13 -109 -106 -66 -67 10 48 47 -106 -131 -145 -246 -190 -158 -137 -178 
-862 -862 -938 -771 -794 -781 -791 -828 -821 -818 -838 -946 -763 -892 -918 -927 -796 -852 -865 -816 -812 -811 -802 -713 
-422 -422 -459 -377 -388 -382 -387 -405 -402 -400 -410 -463 -373 -437 -449 -453 -389 -417 -423 -399 -397 -397 -392 -349 
-162 -162 -69 -275 -245 -259 -245 -200 -209 -218 -334 -54 -251 -12 -66 -81 -298 -328 -313 -247 -261 -289 -326 -251 
-348 -347 -351 -349 -364 -352 -351 -364 -364 -364 -357 -364 -364 -364 -364 -364 -349 -363 -304 -256 -191 -137 -86 -99 
-744 -742 -750 -745 -778 -752 -749 -778 -778 -778 -763 -778 -778 -778 -778 -778 -746 -774 -650 -548 -409 -293 -185 -211 
466 464 471 468 543 471 471 479 569 575 504 583 596 525 516 592 498 506 423 450 368 294 217 154 
-548 -546 -553 -549 -638 -554 -554 -563 -668 -675 -593 -685 -701 -617 -606 -696 -585 -594 -498 -529 -433 -345 -255 -181 
-548 -546 -553 -549 -638 -554 -554 -563 -668 -675 -593 -685 -701 -617 -606 -696 -585 -594 -498 -529 -433 -345 -255 -181 
-824 -817 -875 -734 -755 -754 -783 -819 -805 -810 -640 -886 -622 -480 -741 -827 -718 -702 -752 -326 -336 -386 -418 -346 
-556 -556 -509 -615 -599 -605 -598 -574 -579 -586 -700 -499 -589 -436 -496 -514 -647 -701 -694 -611 -622 -646 -676 -566 
-137 -137 -137 -137 -137 -138 -139 -139 -138 -138 -121 -134 -105 -31 -110 -133 -137 -137 -140 -25 -33 -56 -78 -43 
343 343 342 342 342 344 346 347 346 345 301 335 263 78 274 332 342 342 350 63 83 141 195 108 
343 343 342 342 342 344 346 347 346 345 301 335 263 78 274 332 342 342 350 63 83 141 195 108 
343 343 342 342 342 344 346 347 346 345 301 335 263 78 274 332 342 342 350 63 83 141 195 108 
-72 -114 -107 -9 -58 -123 -132 -128 -131 5 -57 -124 -153 -219 -110 -90 -134 -12 -73 -137 -124 -249 -217 -249 
-72 -114 -107 -9 -58 -123 -132 -128 -131 5 -57 -124 -153 -219 -110 -90 -134 -12 -73 -137 -124 -249 -217 -249 
82 73 66 98 86 79 86 82 85 122 141 82 111 173 72 53 92 117 142 254 242 196 167 199 
-111 -99 -90 -133 -118 -107 -117 -112 -116 -166 -192 -112 -151 -236 -98 -72 -126 -160 -193 -347 -330 -267 -228 -271 
-111 -99 -90 -133 -118 -107 -117 -112 -116 -166 -192 -112 -151 -236 -98 -72 -126 -160 -193 -347 -330 -267 -228 -271 
-117 -187 -175 -16 -94 -202 -215 -210 -214 9 -93 -203 -251 -357 -180 -147 -218 -21 -120 -224 -203 -406 -355 -407 
-117 -187 -175 -16 -94 -202 -215 -210 -214 9 -93 -203 -251 -357 -180 -147 -218 -21 -120 -224 -203 -406 -355 -407 
565 567 518 609 605 584 538 537 550 573 680 443 631 697 554 528 681 580 571 741 741 710 718 806 
-284 -289 -276 -394 -321 -305 -316 -261 -273 -344 -494 -297 -393 -369 -289 -262 -382 -418 -401 -568 -569 -546 -553 -623 
-463 -464 -468 -465 -517 -473 -465 -492 -482 -450 -394 -455 -454 -399 -400 -445 -373 -391 -374 -338 -252 -184 -124 -78 
-476 -477 -481 -478 -531 -486 -478 -505 -495 -463 -405 -468 -467 -410 -411 -458 -383 -402 -384 -347 -259 -189 -127 -80 
-476 -477 -481 -478 -531 -486 -478 -505 -495 -463 -405 -468 -467 -410 -411 -458 -383 -402 -384 -347 -259 -189 -127 -80 
-476 -477 -481 -478 -531 -486 -478 -505 -495 -463 -405 -468 -467 -410 -411 -458 -383 -402 -384 -347 -259 -189 -127 -80 
802 801 801 801 801 801 800 799 581 221 221 221 221 222 222 222 221 221 220 220 284 352 229 202 
95 101 112 24 67 92 95 120 105 29 -31 104 44 43 113 123 28 81 68 -21 -25 2 -14 -129 
1021 1015 1045 954 974 967 975 1009 1001 1011 905 1029 897 871 965 1007 964 908 950 753 751 757 761 771 
1152 1146 1180 1077 1100 1092 1101 1139 1130 1141 1022 1162 1013 984 1090 1138 1089 1025 1073 850 848 855 859 871 
41 37 99 -43 -21 -26 -7 26 16 14 -147 111 -82 -50 40 71 -73 -116 -87 -246 -248 -239 -243 -205 
-251 -248 -253 -251 -268 -233 -233 -186 -191 -166 -188 -183 -236 -240 -198 -211 -176 -157 -151 -147 -139 -119 -93 -84 
-251 -248 -253 -251 -268 -233 -233 -186 -191 -166 -188 -183 -236 -240 -198 -211 -176 -157 -151 -147 -139 -119 -93 -84 
-255 -253 -258 -255 -273 -238 -237 -190 -195 -169 -192 -187 -241 -245 -202 -215 -180 -160 -154 -150 -142 -121 -95 -85 
-255 -253 -258 -255 -273 -238 -237 -190 -195 -169 -192 -187 -241 -245 -202 -215 -180 -160 -154 -150 -142 -121 -95 -85 
-255 -253 -258 -255 -273 -238 -237 -190 -195 -169 -192 -187 -241 -245 -202 -215 -180 -160 -154 -150 -142 -121 -95 -85 
280 278 283 284 290 216 257 70 153 117 123 132 200 242 136 143 108 146 168 180 176 151 115 94 
280 278 283 284 290 216 257 70 153 117 123 132 200 242 136 143 108 146 168 180 176 151 115 94 
280 278 283 284 290 216 257 70 153 117 123 132 200 242 136 143 108 146 168 180 176 151 115 94 
280 278 283 284 290 216 257 70 153 117 123 132 200 242 136 143 108 146 168 180 176 151 115 94 
-201 -203 -204 -206 -210 -217 -225 -231 -238 -248 -257 -261 -261 -257 -253 -252 -258 -273 -281 -280 -278 -271 -259 -248 
-201 -203 -204 -206 -210 -217 -225 -231 -238 -248 -257 -261 -261 -257 -253 -252 -258 -273 -281 -280 -278 -271 -259 -248 
-382 -393 -392 -408 -398 -398 -393 -373 -373 -423 -515 -443 -523 -543 -492 -473 -525 -514 -590 -608 -611 -604 -586 -581 
-449 -449 -447 -447 -442 -432 -422 -410 -401 -396 -405 -386 -403 -411 -405 -404 -404 -358 -361 -366 -368 -374 -382 -419 
491 490 495 516 496 479 482 483 515 530 521 489 463 468 471 474 449 498 507 485 554 605 609 541 
-217 -217 -217 -217 -314 -215 -214 -304 -391 -405 -428 -263 -66 -260 -141 -215 -250 -230 -219 -214 -192 -193 -208 -222 
226 226 226 226 322 224 223 313 401 415 438 274 76 271 151 225 260 241 230 225 203 204 219 232 
193 195 193 194 199 285 269 452 396 450 454 452 385 338 423 416 457 453 452 447 450 455 462 466 
-155 -157 -155 -156 -159 -210 -200 -309 -276 -308 -310 -308 -269 -241 -292 -288 -312 -309 -308 -305 -307 -310 -315 -317 
-105 -105 -105 -105 -107 -141 -135 -208 -186 -207 -209 -208 -181 -162 -197 -194 -210 -208 -208 -206 -207 -209 -212 -214 
-3 -3 -3 -3 -3 -3 -3 -3 -3 -3 -3 -3 -3 -3 -3 -3 -3 -3 -3 -3 -3 -3 -3 -3 
-108 -110 -110 -111 -116 -154 -143 -233 -202 -224 -227 -235 -205 -179 -221 -221 -234 -227 -218 -207 -205 -205 -204 -204 
149 143 153 151 129 159 157 118 79 74 236 140 247 309 244 206 236 155 168 176 196 166 89 102 
44 -144 -145 -206 -208 -205 -221 -195 -253 -228 -22 120 283 283 270 239 127 42 -75 -241 -255 -282 -294 -264 
675 22 -61 -241 -205 -181 -121 -50 -196 -133 259 583 865 701 780 747 596 424 128 -201 -187 -186 -194 -206 
-189 -232 -233 -230 -241 -271 -223 -232 38 35 -293 -188 -496 -640 -525 -401 -291 -158 -104 -98 -132 -146 6 -77 
54 47 44 44 61 38 38 51 72 85 160 189 196 194 202 225 228 187 100 48 -11 -33 -22 -35 
-1395 -1392 -1408 -1398 -1459 -1412 -1406 -1459 -1459 -1459 -1431 -1459 -1459 -1459 -1459 -1459 -1400 -1453 -1220 -1028 -767 -550 -348 -396 
353 353 353 353 352 352 352 352 255 97 97 97 97 97 97 97 97 97 97 97 125 155 101 89 
-201 -203 -204 -206 -210 -217 -225 -231 -238 -248 -257 -261 -261 -257 -253 -252 -258 -273 -281 -280 -278 -271 -259 -248 
-459 -462 -465 -470 -479 -495 -513 -526 -542 -567 -586 -596 -595 -587 -577 -575 -588 -624 -642 -639 -635 -619 -592 -566 

